300	0.217	2.98233
301	0.21845	2.9933
302	0.21989	3.00427
303	0.22134	3.01523
304	0.22279	3.0262
305	0.22424	3.03717
306	0.22569	3.04813
307	0.22714	3.0591
308	0.22858	3.07007
309	0.23003	3.08104
310	0.23148	3.092
311	0.23275	3.10269
312	0.23402	3.11337
313	0.23529	3.12405
314	0.23657	3.13473
315	0.23784	3.14541
316	0.23911	3.1561
317	0.24038	3.16678
318	0.24165	3.17746
319	0.24292	3.18814
320	0.24419	3.19882
321	0.24553	3.20949
322	0.24686	3.22017
323	0.2482	3.23084
324	0.24954	3.24151
325	0.25087	3.25218
326	0.25221	3.26285
327	0.25354	3.27352
328	0.25488	3.2842
329	0.25621	3.29487
330	0.25755	3.30554
331	0.25895	3.31623
332	0.26036	3.32691
333	0.26176	3.3376
334	0.26317	3.34829
335	0.26458	3.35897
336	0.26598	3.36966
337	0.26739	3.38035
338	0.26879	3.39103
339	0.2702	3.40172
340	0.2716	3.41241
341	0.27345	3.42522
342	0.2753	3.43804
343	0.27715	3.45086
344	0.279	3.46368
345	0.28084	3.47649
346	0.28269	3.48931
347	0.28454	3.50213
348	0.28639	3.51495
349	0.28823	3.52776
350	0.29008	3.54058
351	0.29161	3.5514
352	0.29314	3.56221
353	0.29467	3.57303
354	0.29619	3.58385
355	0.29772	3.59467
356	0.29925	3.60548
357	0.30078	3.6163
358	0.30231	3.62712
359	0.30384	3.63793
360	0.30536	3.64875
361	0.30701	3.65961
362	0.30866	3.67047
363	0.31031	3.68134
364	0.31196	3.6922
365	0.31361	3.70306
366	0.31526	3.71392
367	0.31691	3.72478
368	0.31856	3.73565
369	0.32021	3.74651
370	0.32186	3.75737
371	0.32392	3.76969
372	0.32598	3.78201
373	0.32804	3.79433
374	0.33011	3.80665
375	0.33217	3.81897
376	0.33423	3.8313
377	0.33629	3.84362
378	0.33836	3.85594
379	0.34042	3.86826
380	0.34248	3.88058
381	0.34432	3.89048
382	0.34615	3.90037
383	0.34799	3.91027
384	0.34983	3.92016
385	0.35166	3.93006
386	0.3535	3.93996
387	0.35534	3.94985
388	0.35717	3.95975
389	0.35901	3.96965
390	0.36085	3.97954
391	0.36273	3.98988
392	0.36461	4.00021
393	0.36649	4.01054
394	0.36837	4.02088
395	0.37025	4.03121
396	0.37213	4.04154
397	0.37401	4.05188
398	0.37589	4.06221
399	0.37777	4.07254
400	0.37965	4.08288
401	0.38171	4.09342
402	0.38377	4.10396
403	0.38583	4.11451
404	0.38789	4.12505
405	0.38995	4.1356
406	0.39201	4.14614
407	0.39407	4.15668
408	0.39613	4.16723
409	0.39819	4.17777
410	0.40025	4.18832
411	0.40236	4.1987
412	0.40448	4.20907
413	0.4066	4.21945
414	0.40871	4.22983
415	0.41083	4.24021
416	0.41295	4.25059
417	0.41506	4.26097
418	0.41718	4.27135
419	0.4193	4.28173
420	0.42141	4.29211
421	0.42368	4.30257
422	0.42594	4.31304
423	0.42821	4.32351
424	0.43047	4.33398
425	0.43273	4.34444
426	0.435	4.35491
427	0.43726	4.36538
428	0.43953	4.37585
429	0.44179	4.38632
430	0.44406	4.39678
431	0.44619	4.40716
432	0.44833	4.41755
433	0.45046	4.42793
434	0.4526	4.43831
435	0.45473	4.44869
436	0.45687	4.45907
437	0.459	4.46945
438	0.46114	4.47984
439	0.46327	4.49022
440	0.46541	4.5006
441	0.46766	4.51094
442	0.46991	4.52128
443	0.47216	4.53163
444	0.47442	4.54197
445	0.47667	4.55231
446	0.47892	4.56266
447	0.48117	4.573
448	0.48342	4.58334
449	0.48568	4.59368
450	0.48793	4.60403
451	0.49036	4.61428
452	0.4928	4.62453
453	0.49523	4.63478
454	0.49767	4.64503
455	0.50011	4.65528
456	0.50254	4.66553
457	0.50498	4.67578
458	0.50741	4.68603
459	0.50985	4.69628
460	0.51228	4.70653
461	0.5149	4.71696
462	0.51751	4.72739
463	0.52012	4.73782
464	0.52273	4.74826
465	0.52535	4.75869
466	0.52796	4.76912
467	0.53057	4.77956
468	0.53318	4.78999
469	0.53579	4.80042
470	0.53841	4.81085
471	0.54101	4.8212
472	0.54362	4.83154
473	0.54623	4.84188
474	0.54884	4.85222
475	0.55145	4.86257
476	0.55405	4.87291
477	0.55666	4.88325
478	0.55927	4.89359
479	0.56188	4.90394
480	0.56448	4.91428
481	0.56726	4.92466
482	0.57004	4.93504
483	0.57281	4.94542
484	0.57559	4.9558
485	0.57837	4.96617
486	0.58114	4.97655
487	0.58392	4.98693
488	0.5867	4.99731
489	0.58947	5.00769
490	0.59225	5.01807
491	0.59494	5.02815
492	0.59763	5.03822
493	0.60032	5.0483
494	0.60301	5.05838
495	0.6057	5.06845
496	0.6084	5.07853
497	0.61109	5.08861
498	0.61378	5.09868
499	0.61647	5.10876
500	0.61916	5.11884
501	0.62183	5.12903
502	0.62451	5.13922
503	0.62719	5.14941
504	0.62986	5.15961
505	0.63254	5.1698
506	0.63521	5.17999
507	0.63789	5.19019
508	0.64056	5.20038
509	0.64324	5.21057
510	0.64591	5.22076
511	0.64898	5.23088
512	0.65206	5.241
513	0.65513	5.25112
514	0.6582	5.26124
515	0.66127	5.27136
516	0.66434	5.28149
517	0.66741	5.29161
518	0.67049	5.30173
519	0.67356	5.31185
520	0.67663	5.32197
521	0.67971	5.33208
522	0.68278	5.34219
523	0.68586	5.35229
524	0.68894	5.3624
525	0.69201	5.37251
526	0.69509	5.38262
527	0.69817	5.39273
528	0.70124	5.40284
529	0.70432	5.41295
530	0.7074	5.42306
531	0.71064	5.43311
532	0.71389	5.44316
533	0.71713	5.45321
534	0.72038	5.46326
535	0.72363	5.47332
536	0.72687	5.48337
537	0.73012	5.49342
538	0.73337	5.50347
539	0.73661	5.51352
540	0.73986	5.52357
541	0.74313	5.53343
542	0.7464	5.54328
543	0.74967	5.55314
544	0.75294	5.563
545	0.75621	5.57285
546	0.75948	5.58271
547	0.76275	5.59256
548	0.76603	5.60242
549	0.7693	5.61228
550	0.77257	5.62213
551	0.776	5.63205
552	0.77943	5.64197
553	0.78286	5.65188
554	0.78629	5.6618
555	0.78972	5.67172
556	0.79314	5.68163
557	0.79657	5.69155
558	0.8	5.70147
559	0.80343	5.71138
560	0.80686	5.7213
561	0.81049	5.73126
562	0.81412	5.74123
563	0.81775	5.75119
564	0.82138	5.76115
565	0.82501	5.77111
566	0.82864	5.78107
567	0.83227	5.79104
568	0.83589	5.801
569	0.83952	5.81096
570	0.84315	5.82092
571	0.84681	5.83058
572	0.85046	5.84024
573	0.85412	5.8499
574	0.85778	5.85956
575	0.86143	5.86922
576	0.86509	5.87888
577	0.86874	5.88854
578	0.8724	5.8982
579	0.87606	5.90786
580	0.87971	5.91752
581	0.88371	5.92703
582	0.88771	5.93654
583	0.89171	5.94604
584	0.89571	5.95555
585	0.89971	5.96505
586	0.90371	5.97456
587	0.90771	5.98407
588	0.91171	5.99357
589	0.91571	6.00308
590	0.91971	6.01259
591	0.92384	6.02267
592	0.92797	6.03276
593	0.93209	6.04284
594	0.93622	6.05293
595	0.94034	6.06301
596	0.94447	6.07309
597	0.94859	6.08318
598	0.95272	6.09326
599	0.95684	6.10335
600	0.96097	6.11343
601	0.96542	6.12262
602	0.96987	6.13182
603	0.97433	6.14101
604	0.97878	6.1502
605	0.98323	6.15939
606	0.98768	6.16858
607	0.99213	6.17777
608	0.99659	6.18696
609	1.00104	6.19616
610	1.00549	6.20535
611	1.00971	6.2149
612	1.01393	6.22446
613	1.01816	6.23402
614	1.02238	6.24358
615	1.0266	6.25314
616	1.03083	6.26269
617	1.03505	6.27225
618	1.03927	6.28181
619	1.04349	6.29137
620	1.04772	6.30093
621	1.05224	6.31009
622	1.05676	6.31925
623	1.06128	6.32841
624	1.0658	6.33757
625	1.07032	6.34673
626	1.07484	6.35589
627	1.07936	6.36505
628	1.08388	6.37421
629	1.0884	6.38337
630	1.09292	6.39253
631	1.09775	6.40157
632	1.10258	6.4106
633	1.10741	6.41964
634	1.11224	6.42868
635	1.11706	6.43772
636	1.12189	6.44676
637	1.12672	6.4558
638	1.13155	6.46484
639	1.13638	6.47388
640	1.14121	6.48292
641	1.14648	6.49185
642	1.15176	6.50079
643	1.15703	6.50972
644	1.16231	6.51866
645	1.16758	6.5276
646	1.17286	6.53653
647	1.17813	6.54547
648	1.18341	6.5544
649	1.18868	6.56334
650	1.19396	6.57228
651	1.199	6.58096
652	1.20404	6.58964
653	1.20908	6.59832
654	1.21412	6.607
655	1.21917	6.61569
656	1.22421	6.62437
657	1.22925	6.63305
658	1.23429	6.64173
659	1.23933	6.65041
660	1.24438	6.6591
661	1.24996	6.66733
662	1.25554	6.67557
663	1.26112	6.68381
664	1.2667	6.69205
665	1.27229	6.70029
666	1.27787	6.70853
667	1.28345	6.71677
668	1.28903	6.72501
669	1.29461	6.73325
670	1.3002	6.74149
671	1.30588	6.74954
672	1.31157	6.75759
673	1.31725	6.76564
674	1.32293	6.7737
675	1.32862	6.78175
676	1.3343	6.7898
677	1.33999	6.79785
678	1.34567	6.8059
679	1.35135	6.81396
680	1.35704	6.82201
681	1.36321	6.82995
682	1.36938	6.83789
683	1.37554	6.84583
684	1.38171	6.85377
685	1.38788	6.86172
686	1.39405	6.86966
687	1.40022	6.8776
688	1.40639	6.88554
689	1.41255	6.89348
690	1.41872	6.90142
691	1.42493	6.9088
692	1.43114	6.91618
693	1.43735	6.92356
694	1.44355	6.93094
695	1.44976	6.93832
696	1.45597	6.94569
697	1.46217	6.95307
698	1.46838	6.96045
699	1.47459	6.96783
700	1.4808	6.97521
701	1.48738	6.98189
702	1.49395	6.98856
703	1.50053	6.99524
704	1.50711	7.00191
705	1.51369	7.00859
706	1.52027	7.01527
707	1.52685	7.02194
708	1.53343	7.02862
709	1.54001	7.03529
710	1.54659	7.04197
711	1.55342	7.04871
712	1.56026	7.05544
713	1.5671	7.06217
714	1.57393	7.06891
715	1.58077	7.07564
716	1.58761	7.08237
717	1.59444	7.08911
718	1.60128	7.09584
719	1.60812	7.10258
720	1.61495	7.10931
721	1.6223	7.11503
722	1.62965	7.12075
723	1.637	7.12648
724	1.64434	7.1322
725	1.65169	7.13792
726	1.65904	7.14364
727	1.66639	7.14936
728	1.67374	7.15509
729	1.68108	7.16081
730	1.68843	7.16653
731	1.69543	7.17205
732	1.70243	7.17756
733	1.70943	7.18308
734	1.71644	7.18859
735	1.72344	7.19411
736	1.73044	7.19962
737	1.73744	7.20514
738	1.74444	7.21065
739	1.75144	7.21617
740	1.75844	7.22168
741	1.76592	7.22581
742	1.77339	7.22994
743	1.78086	7.23406
744	1.78834	7.23819
745	1.79581	7.24232
746	1.80329	7.24645
747	1.81076	7.25057
748	1.81823	7.2547
749	1.82571	7.25883
750	1.83318	7.26295
751	1.84154	7.26616
752	1.8499	7.26936
753	1.85826	7.27257
754	1.86662	7.27577
755	1.87498	7.27897
756	1.88334	7.28218
757	1.8917	7.28538
758	1.90006	7.28859
759	1.90842	7.29179
760	1.91678	7.295
761	1.9242	7.29705
762	1.93161	7.2991
763	1.93903	7.30115
764	1.94644	7.30321
765	1.95385	7.30526
766	1.96127	7.30731
767	1.96868	7.30936
768	1.9761	7.31142
769	1.98351	7.31347
770	1.99092	7.31552
771	1.99872	7.31539
772	2.00651	7.31526
773	2.0143	7.31513
774	2.02209	7.315
775	2.02988	7.31487
776	2.03767	7.31474
777	2.04547	7.31461
778	2.05326	7.31448
779	2.06105	7.31435
780	2.06884	7.31422
781	2.07536	7.31301
782	2.08189	7.31179
783	2.08841	7.31058
784	2.09494	7.30937
785	2.10146	7.30815
786	2.10799	7.30694
787	2.11451	7.30573
788	2.12104	7.30451
789	2.12756	7.3033
790	2.13409	7.30209
791	2.13946	7.29911
792	2.14484	7.29614
793	2.15021	7.29317
794	2.15558	7.29019
795	2.16096	7.28722
796	2.16633	7.28424
797	2.17171	7.28127
798	2.17708	7.2783
799	2.18245	7.27532
800	2.18783	7.27235
801	2.19123	7.2677
802	2.19463	7.26306
803	2.19803	7.25842
804	2.20142	7.25378
805	2.20482	7.24914
806	2.20822	7.24449
807	2.21162	7.23985
808	2.21502	7.23521
809	2.21842	7.23057
810	2.22182	7.22593
811	2.22335	7.22091
812	2.22488	7.2159
813	2.22641	7.21089
814	2.22794	7.20588
815	2.22947	7.20087
816	2.23101	7.19586
817	2.23254	7.19085
818	2.23407	7.18584
819	2.2356	7.18083
820	2.23713	7.17582
821	2.23561	7.17062
822	2.23409	7.16542
823	2.23257	7.16022
824	2.23104	7.15502
825	2.22952	7.14982
826	2.228	7.14462
827	2.22648	7.13942
828	2.22496	7.13422
829	2.22344	7.12902
830	2.22191	7.12382
831	2.21645	7.11929
832	2.21098	7.11475
833	2.20552	7.11022
834	2.20005	7.10568
835	2.19458	7.10115
836	2.18912	7.09661
837	2.18365	7.09208
838	2.17819	7.08754
839	2.17272	7.08301
840	2.16725	7.07848
841	2.15968	7.07553
842	2.1521	7.07258
843	2.14452	7.06964
844	2.13694	7.06669
845	2.12937	7.06375
846	2.12179	7.0608
847	2.11421	7.05785
848	2.10663	7.05491
849	2.09906	7.05196
850	2.09148	7.04902
851	2.08279	7.04893
852	2.07409	7.04884
853	2.0654	7.04876
854	2.05671	7.04867
855	2.04802	7.04859
856	2.03932	7.0485
857	2.03063	7.04841
858	2.02194	7.04833
859	2.01325	7.04824
860	2.00455	7.04816
861	1.99525	7.05009
862	1.98594	7.05202
863	1.97664	7.05396
864	1.96733	7.05589
865	1.95803	7.05783
866	1.94872	7.05976
867	1.93941	7.0617
868	1.93011	7.06363
869	1.9208	7.06557
870	1.9115	7.0675
871	1.90132	7.07123
872	1.89115	7.07495
873	1.88098	7.07867
874	1.8708	7.0824
875	1.86063	7.08612
876	1.85046	7.08985
877	1.84028	7.09357
878	1.83011	7.09729
879	1.81994	7.10102
880	1.80976	7.10474
881	1.80047	7.11019
882	1.79117	7.11565
883	1.78188	7.1211
884	1.77259	7.12655
885	1.76329	7.13201
886	1.754	7.13746
887	1.7447	7.14291
888	1.73541	7.14836
889	1.72612	7.15382
890	1.71682	7.15927
891	1.70866	7.16661
892	1.7005	7.17395
893	1.69234	7.18129
894	1.68418	7.18864
895	1.67602	7.19598
896	1.66786	7.20332
897	1.6597	7.21066
898	1.65154	7.218
899	1.64338	7.22534
900	1.63522	7.23269
