300	1.92556600000000	0.0993614800000000
301	1.92556600000000	0.0993614800000000
302	1.92556600000000	0.0993614800000000
303	1.92556600000000	0.0993614800000000
304	1.92556600000000	0.0993614800000000
305	1.86926100000000	0.101212200000000
306	1.86926100000000	0.101212200000000
307	1.86926100000000	0.101212200000000
308	1.86926100000000	0.101212200000000
309	1.86926100000000	0.101212200000000
310	1.86158600000000	0.0986913200000000
311	1.86158600000000	0.0986913200000000
312	1.86158600000000	0.0986913200000000
313	1.86158600000000	0.0986913200000000
314	1.86158600000000	0.0986913200000000
315	1.84451000000000	0.0994785900000000
316	1.84451000000000	0.0994785900000000
317	1.84451000000000	0.0994785900000000
318	1.84451000000000	0.0994785900000000
319	1.84451000000000	0.0994785900000000
320	1.83202100000000	0.100743700000000
321	1.83202100000000	0.100743700000000
322	1.83202100000000	0.100743700000000
323	1.83202100000000	0.100743700000000
324	1.83202100000000	0.100743700000000
325	1.82161600000000	0.101014900000000
326	1.82161600000000	0.101014900000000
327	1.82161600000000	0.101014900000000
328	1.82161600000000	0.101014900000000
329	1.82161600000000	0.101014900000000
330	1.81168800000000	0.100906500000000
331	1.81168800000000	0.100906500000000
332	1.81168800000000	0.100906500000000
333	1.81168800000000	0.100906500000000
334	1.81168800000000	0.100906500000000
335	1.80305100000000	0.102645000000000
336	1.80305100000000	0.102645000000000
337	1.80305100000000	0.102645000000000
338	1.80305100000000	0.102645000000000
339	1.80305100000000	0.102645000000000
340	1.79794700000000	0.102855500000000
341	1.79794700000000	0.102855500000000
342	1.79794700000000	0.102855500000000
343	1.79794700000000	0.102855500000000
344	1.79794700000000	0.102855500000000
345	1.79146700000000	0.0997207700000000
346	1.79146700000000	0.0997207700000000
347	1.79146700000000	0.0997207700000000
348	1.79146700000000	0.0997207700000000
349	1.79146700000000	0.0997207700000000
350	1.77307800000000	0.102661300000000
351	1.77307800000000	0.102661300000000
352	1.77307800000000	0.102661300000000
353	1.77307800000000	0.102661300000000
354	1.77307800000000	0.102661300000000
355	1.76416800000000	0.107304500000000
356	1.76416800000000	0.107304500000000
357	1.76416800000000	0.107304500000000
358	1.76416800000000	0.107304500000000
359	1.76416800000000	0.107304500000000
360	1.75848900000000	0.115202300000000
361	1.75848900000000	0.115202300000000
362	1.75848900000000	0.115202300000000
363	1.75848900000000	0.115202300000000
364	1.75848900000000	0.115202300000000
365	1.75869100000000	0.123481300000000
366	1.75869100000000	0.123481300000000
367	1.75869100000000	0.123481300000000
368	1.75869100000000	0.123481300000000
369	1.75869100000000	0.123481300000000
370	1.76175900000000	0.127549800000000
371	1.76175900000000	0.127549800000000
372	1.76175900000000	0.127549800000000
373	1.76175900000000	0.127549800000000
374	1.76175900000000	0.127549800000000
375	1.76355700000000	0.129959000000000
376	1.76355700000000	0.129959000000000
377	1.76355700000000	0.129959000000000
378	1.76355700000000	0.129959000000000
379	1.76355700000000	0.129959000000000
380	1.76382800000000	0.136543500000000
381	1.76382800000000	0.136543500000000
382	1.76382800000000	0.136543500000000
383	1.76382800000000	0.136543500000000
384	1.76382800000000	0.136543500000000
385	1.77027800000000	0.138945800000000
386	1.77027800000000	0.138945800000000
387	1.77027800000000	0.138945800000000
388	1.77027800000000	0.138945800000000
389	1.77027800000000	0.138945800000000
390	1.77730000000000	0.139535600000000
391	1.77730000000000	0.139535600000000
392	1.77730000000000	0.139535600000000
393	1.77730000000000	0.139535600000000
394	1.77730000000000	0.139535600000000
395	1.78513200000000	0.138524400000000
396	1.78513200000000	0.138524400000000
397	1.78513200000000	0.138524400000000
398	1.78513200000000	0.138524400000000
399	1.78513200000000	0.138524400000000
400	1.79314000000000	0.135496700000000
401	1.79314000000000	0.135496700000000
402	1.79314000000000	0.135496700000000
403	1.79314000000000	0.135496700000000
404	1.79314000000000	0.135496700000000
405	1.80205600000000	0.131660000000000
406	1.80205600000000	0.131660000000000
407	1.80205600000000	0.131660000000000
408	1.80205600000000	0.131660000000000
409	1.80205600000000	0.131660000000000
410	1.81030300000000	0.125067700000000
411	1.81030300000000	0.125067700000000
412	1.81030300000000	0.125067700000000
413	1.81030300000000	0.125067700000000
414	1.81030300000000	0.125067700000000
415	1.81818600000000	0.115884700000000
416	1.81818600000000	0.115884700000000
417	1.81818600000000	0.115884700000000
418	1.81818600000000	0.115884700000000
419	1.81818600000000	0.115884700000000
420	1.82423800000000	0.104388600000000
421	1.82423800000000	0.104388600000000
422	1.82423800000000	0.104388600000000
423	1.82423800000000	0.104388600000000
424	1.82423800000000	0.104388600000000
425	1.82831600000000	0.0910044700000000
426	1.82831600000000	0.0910044700000000
427	1.82831600000000	0.0910044700000000
428	1.82831600000000	0.0910044700000000
429	1.82831600000000	0.0910044700000000
430	1.82874600000000	0.0770872400000000
431	1.82874600000000	0.0770872400000000
432	1.82874600000000	0.0770872400000000
433	1.82874600000000	0.0770872400000000
434	1.82874600000000	0.0770872400000000
435	1.82614500000000	0.0637498200000000
436	1.82614500000000	0.0637498200000000
437	1.82614500000000	0.0637498200000000
438	1.82614500000000	0.0637498200000000
439	1.82614500000000	0.0637498200000000
440	1.82173900000000	0.0512411900000000
441	1.82173900000000	0.0512411900000000
442	1.82173900000000	0.0512411900000000
443	1.82173900000000	0.0512411900000000
444	1.82173900000000	0.0512411900000000
445	1.81527400000000	0.0405599700000000
446	1.81527400000000	0.0405599700000000
447	1.81527400000000	0.0405599700000000
448	1.81527400000000	0.0405599700000000
449	1.81527400000000	0.0405599700000000
450	1.80790400000000	0.0324712600000000
451	1.80790400000000	0.0324712600000000
452	1.80790400000000	0.0324712600000000
453	1.80790400000000	0.0324712600000000
454	1.80790400000000	0.0324712600000000
455	1.79507700000000	0.0238008000000000
456	1.79507700000000	0.0238008000000000
457	1.79507700000000	0.0238008000000000
458	1.79507700000000	0.0238008000000000
459	1.79507700000000	0.0238008000000000
460	1.78938500000000	0.0210339300000000
461	1.78938500000000	0.0210339300000000
462	1.78938500000000	0.0210339300000000
463	1.78938500000000	0.0210339300000000
464	1.78938500000000	0.0210339300000000
465	1.78399300000000	0.0186381800000000
466	1.78399300000000	0.0186381800000000
467	1.78399300000000	0.0186381800000000
468	1.78399300000000	0.0186381800000000
469	1.78399300000000	0.0186381800000000
470	1.77888300000000	0.0165578500000000
471	1.77888300000000	0.0165578500000000
472	1.77888300000000	0.0165578500000000
473	1.77888300000000	0.0165578500000000
474	1.77888300000000	0.0165578500000000
475	1.77403800000000	0.0147464200000000
476	1.77403800000000	0.0147464200000000
477	1.77403800000000	0.0147464200000000
478	1.77403800000000	0.0147464200000000
479	1.77403800000000	0.0147464200000000
480	1.76944000000000	0.0131649000000000
481	1.76944000000000	0.0131649000000000
482	1.76944000000000	0.0131649000000000
483	1.76944000000000	0.0131649000000000
484	1.76944000000000	0.0131649000000000
485	1.76507500000000	0.0117805100000000
486	1.76507500000000	0.0117805100000000
487	1.76507500000000	0.0117805100000000
488	1.76507500000000	0.0117805100000000
489	1.76507500000000	0.0117805100000000
490	1.76092800000000	0.0105656400000000
491	1.76092800000000	0.0105656400000000
492	1.76092800000000	0.0105656400000000
493	1.76092800000000	0.0105656400000000
494	1.76092800000000	0.0105656400000000
495	1.75698800000000	0.00949690300000000
496	1.75698800000000	0.00949690300000000
497	1.75698800000000	0.00949690300000000
498	1.75698800000000	0.00949690300000000
499	1.75698800000000	0.00949690300000000
500	1.75324100000000	0.00855450100000000
501	1.75324100000000	0.00855450100000000
502	1.75324100000000	0.00855450100000000
503	1.75324100000000	0.00855450100000000
504	1.75324100000000	0.00855450100000000
505	1.74967600000000	0.00772157900000000
506	1.74967600000000	0.00772157900000000
507	1.74967600000000	0.00772157900000000
508	1.74967600000000	0.00772157900000000
509	1.74967600000000	0.00772157900000000
510	1.74628300000000	0.00698376900000000
511	1.74628300000000	0.00698376900000000
512	1.74628300000000	0.00698376900000000
513	1.74628300000000	0.00698376900000000
514	1.74628300000000	0.00698376900000000
515	1.74305200000000	0.00632878700000000
516	1.74305200000000	0.00632878700000000
517	1.74305200000000	0.00632878700000000
518	1.74305200000000	0.00632878700000000
519	1.74305200000000	0.00632878700000000
520	1.73997400000000	0.00574610600000000
521	1.73997400000000	0.00574610600000000
522	1.73997400000000	0.00574610600000000
523	1.73997400000000	0.00574610600000000
524	1.73997400000000	0.00574610600000000
525	1.73703900000000	0.00522667900000000
526	1.73703900000000	0.00522667900000000
527	1.73703900000000	0.00522667900000000
528	1.73703900000000	0.00522667900000000
529	1.73703900000000	0.00522667900000000
530	1.73424100000000	0.00476271200000000
531	1.73424100000000	0.00476271200000000
532	1.73424100000000	0.00476271200000000
533	1.73424100000000	0.00476271200000000
534	1.73424100000000	0.00476271200000000
535	1.73157200000000	0.00434747900000000
536	1.73157200000000	0.00434747900000000
537	1.73157200000000	0.00434747900000000
538	1.73157200000000	0.00434747900000000
539	1.73157200000000	0.00434747900000000
540	1.72902300000000	0.00397515600000000
541	1.72902300000000	0.00397515600000000
542	1.72902300000000	0.00397515600000000
543	1.72902300000000	0.00397515600000000
544	1.72902300000000	0.00397515600000000
545	1.72659000000000	0.00364069600000000
546	1.72659000000000	0.00364069600000000
547	1.72659000000000	0.00364069600000000
548	1.72659000000000	0.00364069600000000
549	1.72659000000000	0.00364069600000000
550	1.72426600000000	0.00333970900000000
551	1.72426600000000	0.00333970900000000
552	1.72426600000000	0.00333970900000000
553	1.72426600000000	0.00333970900000000
554	1.72426600000000	0.00333970900000000
555	1.72204500000000	0.00306837300000000
556	1.72204500000000	0.00306837300000000
557	1.72204500000000	0.00306837300000000
558	1.72204500000000	0.00306837300000000
559	1.72204500000000	0.00306837300000000
560	1.71992100000000	0.00282335000000000
561	1.71992100000000	0.00282335000000000
562	1.71992100000000	0.00282335000000000
563	1.71992100000000	0.00282335000000000
564	1.71992100000000	0.00282335000000000
565	1.71788900000000	0.00260172300000000
566	1.71788900000000	0.00260172300000000
567	1.71788900000000	0.00260172300000000
568	1.71788900000000	0.00260172300000000
569	1.71788900000000	0.00260172300000000
570	1.71594600000000	0.00240093400000000
571	1.71594600000000	0.00240093400000000
572	1.71594600000000	0.00240093400000000
573	1.71594600000000	0.00240093400000000
574	1.71594600000000	0.00240093400000000
575	1.71408500000000	0.00221873800000000
576	1.71408500000000	0.00221873800000000
577	1.71408500000000	0.00221873800000000
578	1.71408500000000	0.00221873800000000
579	1.71408500000000	0.00221873800000000
580	1.71230300000000	0.00205316000000000
581	1.71230300000000	0.00205316000000000
582	1.71230300000000	0.00205316000000000
583	1.71230300000000	0.00205316000000000
584	1.71230300000000	0.00205316000000000
585	1.71059700000000	0.00190245900000000
586	1.71059700000000	0.00190245900000000
587	1.71059700000000	0.00190245900000000
588	1.71059700000000	0.00190245900000000
589	1.71059700000000	0.00190245900000000
590	1.70896100000000	0.00176509900000000
591	1.70896100000000	0.00176509900000000
592	1.70896100000000	0.00176509900000000
593	1.70896100000000	0.00176509900000000
594	1.70896100000000	0.00176509900000000
595	1.70739300000000	0.00163972000000000
596	1.70739300000000	0.00163972000000000
597	1.70739300000000	0.00163972000000000
598	1.70739300000000	0.00163972000000000
599	1.70739300000000	0.00163972000000000
600	1.70588900000000	0.00152511900000000
601	1.70588900000000	0.00152511900000000
602	1.70588900000000	0.00152511900000000
603	1.70588900000000	0.00152511900000000
604	1.70588900000000	0.00152511900000000
605	1.70444700000000	0.00142022700000000
606	1.70444700000000	0.00142022700000000
607	1.70444700000000	0.00142022700000000
608	1.70444700000000	0.00142022700000000
609	1.70444700000000	0.00142022700000000
610	1.70306200000000	0.00132409500000000
611	1.70306200000000	0.00132409500000000
612	1.70306200000000	0.00132409500000000
613	1.70306200000000	0.00132409500000000
614	1.70306200000000	0.00132409500000000
615	1.70173300000000	0.00123587800000000
616	1.70173300000000	0.00123587800000000
617	1.70173300000000	0.00123587800000000
618	1.70173300000000	0.00123587800000000
619	1.70173300000000	0.00123587800000000
620	1.70045700000000	0.00115482100000000
621	1.70045700000000	0.00115482100000000
622	1.70045700000000	0.00115482100000000
623	1.70045700000000	0.00115482100000000
624	1.70045700000000	0.00115482100000000
625	1.69923100000000	0.00108025300000000
626	1.69923100000000	0.00108025300000000
627	1.69923100000000	0.00108025300000000
628	1.69923100000000	0.00108025300000000
629	1.69923100000000	0.00108025300000000
630	1.69805300000000	0.00101157100000000
631	1.69805300000000	0.00101157100000000
632	1.69805300000000	0.00101157100000000
633	1.69805300000000	0.00101157100000000
634	1.69805300000000	0.00101157100000000
635	1.69692000000000	0.000948235800000000
636	1.69692000000000	0.000948235800000000
637	1.69692000000000	0.000948235800000000
638	1.69692000000000	0.000948235800000000
639	1.69692000000000	0.000948235800000000
640	1.69583100000000	0.000889764700000000
641	1.69583100000000	0.000889764700000000
642	1.69583100000000	0.000889764700000000
643	1.69583100000000	0.000889764700000000
644	1.69583100000000	0.000889764700000000
645	1.69478400000000	0.000835723400000000
646	1.69478400000000	0.000835723400000000
647	1.69478400000000	0.000835723400000000
648	1.69478400000000	0.000835723400000000
649	1.69478400000000	0.000835723400000000
650	1.69377600000000	0.000785721500000000
651	1.69377600000000	0.000785721500000000
652	1.69377600000000	0.000785721500000000
653	1.69377600000000	0.000785721500000000
654	1.69377600000000	0.000785721500000000
655	1.69280600000000	0.000739407300000000
656	1.69280600000000	0.000739407300000000
657	1.69280600000000	0.000739407300000000
658	1.69280600000000	0.000739407300000000
659	1.69280600000000	0.000739407300000000
660	1.69187300000000	0.000696463900000000
661	1.69187300000000	0.000696463900000000
662	1.69187300000000	0.000696463900000000
663	1.69187300000000	0.000696463900000000
664	1.69187300000000	0.000696463900000000
665	1.69097300000000	0.000656605100000000
666	1.69097300000000	0.000656605100000000
667	1.69097300000000	0.000656605100000000
668	1.69097300000000	0.000656605100000000
669	1.69097300000000	0.000656605100000000
670	1.69010700000000	0.000619572200000000
671	1.69010700000000	0.000619572200000000
672	1.69010700000000	0.000619572200000000
673	1.69010700000000	0.000619572200000000
674	1.69010700000000	0.000619572200000000
675	1.68927300000000	0.000585130900000000
676	1.68927300000000	0.000585130900000000
677	1.68927300000000	0.000585130900000000
678	1.68927300000000	0.000585130900000000
679	1.68927300000000	0.000585130900000000
680	1.68846800000000	0.000553069200000000
681	1.68846800000000	0.000553069200000000
682	1.68846800000000	0.000553069200000000
683	1.68846800000000	0.000553069200000000
684	1.68846800000000	0.000553069200000000
685	1.68769300000000	0.000523194600000000
686	1.68769300000000	0.000523194600000000
687	1.68769300000000	0.000523194600000000
688	1.68769300000000	0.000523194600000000
689	1.68769300000000	0.000523194600000000
690	1.68694500000000	0.000495332100000000
691	1.68694500000000	0.000495332100000000
692	1.68694500000000	0.000495332100000000
693	1.68694500000000	0.000495332100000000
694	1.68694500000000	0.000495332100000000
695	1.68622400000000	0.000469322800000000
696	1.68622400000000	0.000469322800000000
697	1.68622400000000	0.000469322800000000
698	1.68622400000000	0.000469322800000000
699	1.68622400000000	0.000469322800000000
700	1.68552800000000	0.000445022000000000
701	1.68552800000000	0.000445022000000000
702	1.68552800000000	0.000445022000000000
703	1.68552800000000	0.000445022000000000
704	1.68552800000000	0.000445022000000000
705	1.68485600000000	0.000422297800000000
706	1.68485600000000	0.000422297800000000
707	1.68485600000000	0.000422297800000000
708	1.68485600000000	0.000422297800000000
709	1.68485600000000	0.000422297800000000
710	1.68420800000000	0.000401029900000000
711	1.68420800000000	0.000401029900000000
712	1.68420800000000	0.000401029900000000
713	1.68420800000000	0.000401029900000000
714	1.68420800000000	0.000401029900000000
715	1.68358200000000	0.000381108500000000
716	1.68358200000000	0.000381108500000000
717	1.68358200000000	0.000381108500000000
718	1.68358200000000	0.000381108500000000
719	1.68358200000000	0.000381108500000000
720	1.68297700000000	0.000362433000000000
721	1.68297700000000	0.000362433000000000
722	1.68297700000000	0.000362433000000000
723	1.68297700000000	0.000362433000000000
724	1.68297700000000	0.000362433000000000
725	1.68239300000000	0.000344911700000000
726	1.68239300000000	0.000344911700000000
727	1.68239300000000	0.000344911700000000
728	1.68239300000000	0.000344911700000000
729	1.68239300000000	0.000344911700000000
730	1.68182900000000	0.000328460300000000
731	1.68182900000000	0.000328460300000000
732	1.68182900000000	0.000328460300000000
733	1.68182900000000	0.000328460300000000
734	1.68182900000000	0.000328460300000000
735	1.68128300000000	0.000313001600000000
736	1.68128300000000	0.000313001600000000
737	1.68128300000000	0.000313001600000000
738	1.68128300000000	0.000313001600000000
739	1.68128300000000	0.000313001600000000
740	1.68075600000000	0.000298464900000000
741	1.68075600000000	0.000298464900000000
742	1.68075600000000	0.000298464900000000
743	1.68075600000000	0.000298464900000000
744	1.68075600000000	0.000298464900000000
745	1.68024600000000	0.000284785000000000
746	1.68024600000000	0.000284785000000000
747	1.68024600000000	0.000284785000000000
748	1.68024600000000	0.000284785000000000
749	1.68024600000000	0.000284785000000000
750	1.67975300000000	0.000271902100000000
751	1.67975300000000	0.000271902100000000
752	1.67975300000000	0.000271902100000000
753	1.67975300000000	0.000271902100000000
754	1.67975300000000	0.000271902100000000
755	1.67927500000000	0.000259761300000000
756	1.67927500000000	0.000259761300000000
757	1.67927500000000	0.000259761300000000
758	1.67927500000000	0.000259761300000000
759	1.67927500000000	0.000259761300000000
760	1.67881400000000	0.000248311800000000
761	1.67881400000000	0.000248311800000000
762	1.67881400000000	0.000248311800000000
763	1.67881400000000	0.000248311800000000
764	1.67881400000000	0.000248311800000000
765	1.67836700000000	0.000237506800000000
766	1.67836700000000	0.000237506800000000
767	1.67836700000000	0.000237506800000000
768	1.67836700000000	0.000237506800000000
769	1.67836700000000	0.000237506800000000
770	1.67793400000000	0.000227303300000000
771	1.67793400000000	0.000227303300000000
772	1.67793400000000	0.000227303300000000
773	1.67793400000000	0.000227303300000000
774	1.67793400000000	0.000227303300000000
775	1.67751600000000	0.000217661400000000
776	1.67751600000000	0.000217661400000000
777	1.67751600000000	0.000217661400000000
778	1.67751600000000	0.000217661400000000
779	1.67751600000000	0.000217661400000000
780	1.67711000000000	0.000208544400000000
781	1.67711000000000	0.000208544400000000
782	1.67711000000000	0.000208544400000000
783	1.67711000000000	0.000208544400000000
784	1.67711000000000	0.000208544400000000
785	1.67671700000000	0.000199918200000000
786	1.67671700000000	0.000199918200000000
787	1.67671700000000	0.000199918200000000
788	1.67671700000000	0.000199918200000000
789	1.67671700000000	0.000199918200000000
790	1.67633600000000	0.000191751400000000
791	1.67633600000000	0.000191751400000000
792	1.67633600000000	0.000191751400000000
793	1.67633600000000	0.000191751400000000
794	1.67633600000000	0.000191751400000000
795	1.67596800000000	0.000184014600000000
796	1.67596800000000	0.000184014600000000
797	1.67596800000000	0.000184014600000000
798	1.67596800000000	0.000184014600000000
799	1.67596800000000	0.000184014600000000
800	1.67561000000000	0.000176681000000000
801	1.67561000000000	0.000176681000000000
802	1.67561000000000	0.000176681000000000
803	1.67561000000000	0.000176681000000000
804	1.67561000000000	0.000176681000000000
805	1.67526300000000	0.000169725400000000
806	1.67526300000000	0.000169725400000000
807	1.67526300000000	0.000169725400000000
808	1.67526300000000	0.000169725400000000
809	1.67526300000000	0.000169725400000000
810	1.67492700000000	0.000163124400000000
811	1.67492700000000	0.000163124400000000
812	1.67492700000000	0.000163124400000000
813	1.67492700000000	0.000163124400000000
814	1.67492700000000	0.000163124400000000
815	1.67460100000000	0.000156856500000000
816	1.67460100000000	0.000156856500000000
817	1.67460100000000	0.000156856500000000
818	1.67460100000000	0.000156856500000000
819	1.67460100000000	0.000156856500000000
820	1.67428500000000	0.000150901600000000
821	1.67428500000000	0.000150901600000000
822	1.67428500000000	0.000150901600000000
823	1.67428500000000	0.000150901600000000
824	1.67428500000000	0.000150901600000000
825	1.67397900000000	0.000145240800000000
826	1.67397900000000	0.000145240800000000
827	1.67397900000000	0.000145240800000000
828	1.67397900000000	0.000145240800000000
829	1.67397900000000	0.000145240800000000
830	1.67368100000000	0.000139856800000000
831	1.67368100000000	0.000139856800000000
832	1.67368100000000	0.000139856800000000
833	1.67368100000000	0.000139856800000000
834	1.67368100000000	0.000139856800000000
835	1.67339200000000	0.000134733300000000
836	1.67339200000000	0.000134733300000000
837	1.67339200000000	0.000134733300000000
838	1.67339200000000	0.000134733300000000
839	1.67339200000000	0.000134733300000000
840	1.67311200000000	0.000129855200000000
841	1.67311200000000	0.000129855200000000
842	1.67311200000000	0.000129855200000000
843	1.67311200000000	0.000129855200000000
844	1.67311200000000	0.000129855200000000
845	1.67284000000000	0.000125208300000000
846	1.67284000000000	0.000125208300000000
847	1.67284000000000	0.000125208300000000
848	1.67284000000000	0.000125208300000000
849	1.67284000000000	0.000125208300000000
850	1.67257500000000	0.000120779500000000
851	1.67257500000000	0.000120779500000000
852	1.67257500000000	0.000120779500000000
853	1.67257500000000	0.000120779500000000
854	1.67257500000000	0.000120779500000000
855	1.67231900000000	0.000116556400000000
856	1.67231900000000	0.000116556400000000
857	1.67231900000000	0.000116556400000000
858	1.67231900000000	0.000116556400000000
859	1.67231900000000	0.000116556400000000
860	1.67206900000000	0.000112527600000000
861	1.67206900000000	0.000112527600000000
862	1.67206900000000	0.000112527600000000
863	1.67206900000000	0.000112527600000000
864	1.67206900000000	0.000112527600000000
865	1.67182700000000	0.000108682200000000
866	1.67182700000000	0.000108682200000000
867	1.67182700000000	0.000108682200000000
868	1.67182700000000	0.000108682200000000
869	1.67182700000000	0.000108682200000000
870	1.67159100000000	0.000105010200000000
871	1.67159100000000	0.000105010200000000
872	1.67159100000000	0.000105010200000000
873	1.67159100000000	0.000105010200000000
874	1.67159100000000	0.000105010200000000
875	1.67136300000000	0.000101502100000000
876	1.67136300000000	0.000101502100000000
877	1.67136300000000	0.000101502100000000
878	1.67136300000000	0.000101502100000000
879	1.67136300000000	0.000101502100000000
880	1.67114000000000	9.81490500000000e-05
881	1.67114000000000	9.81490500000000e-05
882	1.67114000000000	9.81490500000000e-05
883	1.67114000000000	9.81490500000000e-05
884	1.67114000000000	9.81490500000000e-05
885	1.67092400000000	9.49428200000000e-05
886	1.67092400000000	9.49428200000000e-05
887	1.67092400000000	9.49428200000000e-05
888	1.67092400000000	9.49428200000000e-05
889	1.67092400000000	9.49428200000000e-05
890	1.67071400000000	9.18756200000000e-05
891	1.67071400000000	9.18756200000000e-05
892	1.67071400000000	9.18756200000000e-05
893	1.67071400000000	9.18756200000000e-05
894	1.67071400000000	9.18756200000000e-05
895	1.67050900000000	8.89401300000000e-05
896	1.67050900000000	8.89401300000000e-05
897	1.67050900000000	8.89401300000000e-05
898	1.67050900000000	8.89401300000000e-05
899	1.67050900000000	8.89401300000000e-05
900	1.67031000000000	8.61295000000000e-05
