300	1.8	1.91933
301	1.805	1.91961
302	1.81	1.91989
303	1.81342	1.91968
304	1.81579	1.91916
305	1.81816	1.91863
306	1.82053	1.91811
307	1.82289	1.91758
308	1.82526	1.91705
309	1.82763	1.91653
310	1.83	1.916
311	1.83127	1.91448
312	1.83253	1.91296
313	1.8338	1.91144
314	1.83506	1.90992
315	1.83633	1.90841
316	1.83759	1.90689
317	1.83886	1.90537
318	1.83981	1.90369
319	1.8379	1.9006
320	1.836	1.8975
321	1.8341	1.8944
322	1.83219	1.89131
323	1.83029	1.88821
324	1.82838	1.88512
325	1.82648	1.88202
326	1.82457	1.87893
327	1.82193	1.87657
328	1.81898	1.87452
329	1.81602	1.87248
330	1.81307	1.87043
331	1.81011	1.86839
332	1.80716	1.86634
333	1.8042	1.8643
334	1.80125	1.86225
335	1.7983	1.8602
336	1.7949	1.85865
337	1.79146	1.85714
338	1.78802	1.85563
339	1.78458	1.85413
340	1.78114	1.85262
341	1.7777	1.85112
342	1.77426	1.84961
343	1.77082	1.84811
344	1.76738	1.8466
345	1.76441	1.84612
346	1.76176	1.84633
347	1.7591	1.84653
348	1.75645	1.84673
349	1.7538	1.84694
350	1.75114	1.84714
351	1.74849	1.84735
352	1.74584	1.84755
353	1.74318	1.84776
354	1.74053	1.84796
355	1.73817	1.84907
356	1.73589	1.8504
357	1.7336	1.85173
358	1.73131	1.85307
359	1.72903	1.8544
360	1.72674	1.85573
361	1.72446	1.85707
362	1.72217	1.8584
363	1.71989	1.85973
364	1.7176	1.86107
365	1.71545	1.8632
366	1.71364	1.8672
367	1.71182	1.8712
368	1.71	1.8752
369	1.70818	1.8792
370	1.70636	1.8832
371	1.70455	1.8872
372	1.70273	1.8912
373	1.70091	1.8952
374	1.69909	1.8992
375	1.69727	1.9032
376	1.69544	1.90676
377	1.69358	1.90931
378	1.69171	1.91185
379	1.68985	1.91439
380	1.68798	1.91693
381	1.68612	1.91947
382	1.68425	1.92202
383	1.68239	1.92456
384	1.68053	1.9271
385	1.67866	1.92964
386	1.6768	1.93219
387	1.67493	1.93473
388	1.67336	1.9368
389	1.67208	1.9384
390	1.6708	1.94
391	1.66952	1.9416
392	1.66824	1.9432
393	1.66696	1.9448
394	1.66568	1.9464
395	1.6644	1.948
396	1.66312	1.9496
397	1.66184	1.9512
398	1.66056	1.9528
399	1.65928	1.9544
400	1.658	1.956
401	1.65635	1.95615
402	1.65469	1.9563
403	1.65304	1.95645
404	1.65138	1.9566
405	1.64973	1.95675
406	1.64808	1.9569
407	1.64642	1.95705
408	1.64477	1.9572
409	1.64311	1.95735
410	1.64146	1.9575
411	1.6398	1.95765
412	1.63815	1.9578
413	1.6365	1.95795
414	1.63501	1.95711
415	1.63361	1.95585
416	1.6322	1.95458
417	1.63079	1.95331
418	1.62938	1.95204
419	1.62797	1.95077
420	1.62656	1.94951
421	1.62515	1.94824
422	1.62375	1.94697
423	1.62234	1.9457
424	1.62093	1.94444
425	1.61952	1.94317
426	1.61811	1.9419
427	1.6167	1.94063
428	1.61424	1.93882
429	1.61071	1.93647
430	1.60718	1.93412
431	1.60365	1.93176
432	1.60012	1.92941
433	1.59659	1.92706
434	1.59306	1.92471
435	1.58953	1.92235
436	1.586	1.92
437	1.58247	1.91765
438	1.57894	1.91529
439	1.57541	1.91294
440	1.57188	1.91059
441	1.56835	1.90824
442	1.56482	1.90588
443	1.56034	1.90329
444	1.55205	1.89976
445	1.54376	1.89622
446	1.53546	1.89268
447	1.52717	1.88915
448	1.51888	1.88561
449	1.51059	1.88207
450	1.50229	1.87854
451	1.494	1.875
452	1.48571	1.87146
453	1.47741	1.86793
454	1.46912	1.86439
455	1.46083	1.86085
456	1.45254	1.85732
457	1.44424	1.85378
458	1.43595	1.85024
459	1.42766	1.84671
460	1.41768	1.84374
461	1.40729	1.84092
462	1.39689	1.83809
463	1.3865	1.83527
464	1.3761	1.83244
465	1.36571	1.82962
466	1.35531	1.82679
467	1.34492	1.82397
468	1.33452	1.82114
469	1.32412	1.81832
470	1.31373	1.81549
471	1.30333	1.81267
472	1.29294	1.80984
473	1.28254	1.80702
474	1.27215	1.80419
475	1.26175	1.80137
476	1.25136	1.79854
477	1.24028	1.79623
478	1.22313	1.79855
479	1.20597	1.80086
480	1.18881	1.80318
481	1.17165	1.80549
482	1.15449	1.80781
483	1.13734	1.81013
484	1.12018	1.81244
485	1.10302	1.81476
486	1.08586	1.81707
487	1.06871	1.81939
488	1.05155	1.82171
489	1.03439	1.82402
490	1.01723	1.82634
491	1.00007	1.82865
492	0.98292	1.83097
493	0.96576	1.83328
494	0.9486	1.8356
495	0.93144	1.83792
496	0.91451	1.84135
497	0.89963	1.85488
498	0.88475	1.86841
499	0.86987	1.88193
500	0.855	1.89546
501	0.84012	1.90899
502	0.82524	1.92251
503	0.81036	1.93604
504	0.79548	1.94957
505	0.7806	1.96309
506	0.76572	1.97662
507	0.75084	1.99014
508	0.73596	2.00367
509	0.72108	2.0172
510	0.7062	2.03072
511	0.69132	2.04425
512	0.67644	2.05778
513	0.66157	2.0713
514	0.64669	2.08483
515	0.63181	2.09836
516	0.61693	2.11188
517	0.60434	2.12747
518	0.59518	2.14613
519	0.58603	2.1648
520	0.57687	2.18347
521	0.56772	2.20213
522	0.55856	2.2208
523	0.5494	2.23947
524	0.54025	2.25813
525	0.53109	2.2768
526	0.52194	2.29547
527	0.51278	2.31413
528	0.50363	2.3328
529	0.49447	2.35147
530	0.48532	2.37013
531	0.47616	2.3888
532	0.467	2.40747
533	0.45785	2.42613
534	0.44869	2.4448
535	0.43954	2.46347
536	0.43038	2.48213
537	0.42123	2.5008
538	0.41207	2.51947
539	0.40292	2.53813
540	0.39847	2.55249
541	0.39456	2.56637
542	0.39064	2.58024
543	0.38672	2.59412
544	0.3828	2.608
545	0.37888	2.62188
546	0.37496	2.63576
547	0.37104	2.64963
548	0.36713	2.66351
549	0.36321	2.67739
550	0.35929	2.69127
551	0.35537	2.70514
552	0.35145	2.71902
553	0.34753	2.7329
554	0.34362	2.74678
555	0.3397	2.76065
556	0.33578	2.77453
557	0.33186	2.78841
558	0.32794	2.80229
559	0.32402	2.81616
560	0.32011	2.83004
561	0.31619	2.84392
562	0.31227	2.8578
563	0.30835	2.87167
564	0.30537	2.88121
565	0.3038	2.88425
566	0.30222	2.88728
567	0.30065	2.89031
568	0.29908	2.89335
569	0.29751	2.89638
570	0.29593	2.89942
571	0.29436	2.90245
572	0.29279	2.90548
573	0.29121	2.90852
574	0.28964	2.91155
575	0.28807	2.91458
576	0.28649	2.91762
577	0.28492	2.92065
578	0.28335	2.92369
579	0.28178	2.92672
580	0.2802	2.92975
581	0.27863	2.93279
582	0.27706	2.93582
583	0.27548	2.93885
584	0.27391	2.94189
585	0.27234	2.94492
586	0.27076	2.94796
587	0.26919	2.95099
588	0.26762	2.95402
589	0.26604	2.95706
590	0.26447	2.96009
591	0.2629	2.96312
592	0.26133	2.96616
593	0.25975	2.96919
594	0.25818	2.97222
595	0.25661	2.97526
596	0.25503	2.97829
597	0.25346	2.98133
598	0.25189	2.98436
599	0.25031	2.98739
600	0.24874	2.99043
601	0.24717	2.99346
602	0.2456	2.99649
603	0.24402	2.99953
604	0.24245	3.00256
605	0.24088	3.0056
606	0.2393	3.00863
607	0.23773	3.01166
608	0.23616	3.0147
609	0.23458	3.01773
610	0.23301	3.02076
611	0.23144	3.0238
612	0.22987	3.02683
613	0.22829	3.02987
614	0.22672	3.0329
615	0.22515	3.03593
616	0.22357	3.03897
617	0.222	3.042
618	0.22043	3.04503
619	0.21885	3.04807
620	0.21728	3.0511
621	0.21571	3.05413
622	0.21413	3.05717
623	0.21256	3.0602
624	0.21099	3.06324
625	0.20942	3.06627
626	0.20784	3.0693
627	0.20627	3.07234
628	0.2047	3.07537
629	0.20312	3.0784
630	0.20155	3.08144
631	0.19998	3.08447
632	0.1984	3.08751
633	0.19683	3.09054
634	0.19526	3.09357
635	0.19369	3.09661
636	0.19211	3.09964
637	0.19054	3.10267
638	0.18897	3.10571
639	0.18739	3.10874
640	0.18582	3.11178
641	0.18425	3.11481
642	0.18267	3.11784
643	0.1811	3.12088
644	0.17953	3.12391
645	0.17796	3.12694
646	0.17638	3.12998
647	0.17481	3.13301
648	0.17324	3.13604
649	0.17166	3.13908
650	0.17009	3.14211
651	0.16852	3.14515
652	0.16694	3.14818
653	0.16593	3.15718
654	0.16577	3.17514
655	0.1656	3.19309
656	0.16544	3.21105
657	0.16527	3.22901
658	0.1651	3.24696
659	0.16494	3.26492
660	0.16477	3.28287
661	0.16461	3.30083
662	0.16444	3.31878
663	0.16428	3.33674
664	0.16411	3.3547
665	0.16394	3.37265
666	0.16378	3.39061
667	0.16361	3.40856
668	0.16345	3.42652
669	0.16328	3.44448
670	0.16312	3.46243
671	0.16295	3.48039
672	0.16278	3.49834
673	0.16262	3.5163
674	0.16245	3.53425
675	0.16229	3.55221
676	0.16212	3.57017
677	0.16196	3.58812
678	0.16179	3.60608
679	0.16162	3.62403
680	0.16146	3.64199
681	0.16129	3.65994
682	0.16113	3.6779
683	0.16096	3.69586
684	0.1608	3.71381
685	0.16063	3.73177
686	0.16046	3.74972
687	0.1603	3.76768
688	0.16013	3.78564
689	0.16002	3.80272
690	0.16012	3.8163
691	0.16022	3.82988
692	0.16032	3.84346
693	0.16041	3.85704
694	0.16051	3.87062
695	0.16061	3.8842
696	0.16071	3.89778
697	0.16081	3.91136
698	0.16091	3.92494
699	0.16101	3.93852
700	0.16111	3.9521
701	0.1612	3.96568
702	0.1613	3.97926
703	0.1614	3.99284
704	0.1615	4.00642
705	0.1616	4.02
706	0.1617	4.03358
707	0.1618	4.04716
708	0.1619	4.06074
709	0.162	4.07432
710	0.16209	4.0879
711	0.16219	4.10148
712	0.16229	4.11506
713	0.16239	4.12864
714	0.16249	4.14222
715	0.16259	4.1558
716	0.16269	4.16938
717	0.16279	4.18296
718	0.16288	4.19654
719	0.16298	4.21012
720	0.16308	4.2237
721	0.16318	4.23728
722	0.16328	4.25086
723	0.16338	4.26444
724	0.16348	4.27802
725	0.16358	4.2916
726	0.16367	4.30519
727	0.16377	4.31877
728	0.16387	4.33235
729	0.16397	4.34593
730	0.16415	4.35783
731	0.16437	4.36901
732	0.16459	4.3802
733	0.16481	4.39138
734	0.16503	4.40257
735	0.16525	4.41375
736	0.16547	4.42493
737	0.16569	4.43612
738	0.16591	4.4473
739	0.16613	4.45849
740	0.16635	4.46967
741	0.16657	4.48086
742	0.16679	4.49204
743	0.167	4.50322
744	0.16722	4.51441
745	0.16744	4.52559
746	0.16766	4.53678
747	0.16788	4.54796
748	0.1681	4.55914
749	0.16832	4.57033
750	0.16854	4.58151
751	0.16876	4.5927
752	0.16898	4.60388
753	0.1692	4.61507
754	0.16942	4.62625
755	0.16964	4.63743
756	0.16986	4.64862
757	0.17007	4.6598
758	0.17029	4.67099
759	0.17051	4.68217
760	0.17073	4.69336
761	0.17095	4.70454
762	0.17117	4.71572
763	0.17139	4.72691
764	0.17161	4.73809
765	0.17183	4.74928
766	0.17205	4.76046
767	0.17227	4.77164
768	0.17249	4.78283
769	0.17271	4.79401
770	0.17293	4.8052
771	0.17314	4.81638
772	0.17336	4.82757
773	0.17358	4.83875
774	0.1738	4.84993
775	0.17403	4.86103
776	0.1743	4.87128
777	0.17457	4.88153
778	0.17484	4.89178
779	0.17511	4.90203
780	0.17538	4.91228
781	0.17565	4.92253
782	0.17592	4.93279
783	0.17619	4.94304
784	0.17646	4.95329
785	0.17674	4.96354
786	0.17701	4.97379
787	0.17728	4.98404
788	0.17755	4.99429
789	0.17782	5.00455
790	0.17809	5.0148
791	0.17836	5.02505
792	0.17863	5.0353
793	0.1789	5.04555
794	0.17917	5.0558
795	0.17944	5.06605
796	0.17971	5.07631
797	0.17998	5.08656
798	0.18026	5.09681
799	0.18053	5.10706
800	0.1808	5.11731
801	0.18107	5.12756
802	0.18134	5.13781
803	0.18161	5.14807
804	0.18188	5.15832
805	0.18215	5.16857
806	0.18242	5.17882
807	0.18269	5.18907
808	0.18296	5.19932
809	0.18323	5.20957
810	0.1835	5.21983
811	0.18378	5.23008
812	0.18405	5.24033
813	0.18432	5.25058
814	0.18459	5.26083
815	0.18486	5.27108
816	0.18513	5.28133
817	0.1854	5.29159
818	0.18567	5.30184
819	0.18594	5.31209
820	0.18621	5.32234
821	0.18648	5.33259
822	0.18675	5.34284
823	0.18703	5.35309
824	0.1873	5.36335
825	0.18757	5.3736
826	0.18784	5.38385
827	0.18815	5.39332
828	0.18852	5.40163
829	0.18889	5.40993
830	0.18927	5.41824
831	0.18964	5.42654
832	0.19001	5.43485
833	0.19039	5.44315
834	0.19076	5.45146
835	0.19113	5.45976
836	0.19151	5.46807
837	0.19188	5.47637
838	0.19225	5.48468
839	0.19262	5.49298
840	0.193	5.50129
841	0.19337	5.50959
842	0.19374	5.5179
843	0.19412	5.5262
844	0.19449	5.53451
845	0.19486	5.54281
846	0.19523	5.55112
847	0.19561	5.55942
848	0.19598	5.56773
849	0.19635	5.57603
850	0.19673	5.58434
851	0.1971	5.59264
852	0.19747	5.60095
853	0.19784	5.60925
854	0.19822	5.61756
855	0.19859	5.62586
856	0.19896	5.63417
857	0.19934	5.64247
858	0.19971	5.65078
859	0.20008	5.65908
860	0.20045	5.66739
861	0.20083	5.67569
862	0.2012	5.684
863	0.20157	5.69231
864	0.20195	5.70061
865	0.20232	5.70892
866	0.20269	5.71722
867	0.20306	5.72553
868	0.20344	5.73383
869	0.20381	5.74214
870	0.20418	5.75044
871	0.20456	5.75875
872	0.20493	5.76705
873	0.2053	5.77536
874	0.20567	5.78366
875	0.20605	5.79197
876	0.20642	5.80027
877	0.20679	5.80858
878	0.20717	5.81688
879	0.20754	5.82519
880	0.20791	5.83349
881	0.20828	5.8418
882	0.20866	5.8501
883	0.20903	5.85841
884	0.2094	5.86671
885	0.20978	5.87502
886	0.21015	5.88347
887	0.21053	5.89213
888	0.21092	5.90079
889	0.2113	5.90946
890	0.21168	5.91812
891	0.21206	5.92678
892	0.21244	5.93545
893	0.21283	5.94411
894	0.21321	5.95278
895	0.21359	5.96144
896	0.21397	5.9701
897	0.21435	5.97877
898	0.21473	5.98743
899	0.21512	5.99609
900	0.2155	6.00476
