300	2.3272	0.17177
301	2.32109	0.16311
302	2.31498	0.15445
303	2.30887	0.1458
304	2.30276	0.13714
305	2.29665	0.12848
306	2.29054	0.11982
307	2.28443	0.11117
308	2.27832	0.10251
309	2.27221	0.09385
310	2.2661	0.08519
311	2.26157	0.08077
312	2.25704	0.07634
313	2.25251	0.07192
314	2.24798	0.06749
315	2.24345	0.06307
316	2.23892	0.05864
317	2.23439	0.05421
318	2.22986	0.04979
319	2.22533	0.04536
320	2.2208	0.04094
321	2.21764	0.03862
322	2.21448	0.03631
323	2.21132	0.03399
324	2.20816	0.03168
325	2.205	0.02936
326	2.20184	0.02705
327	2.19868	0.02473
328	2.19552	0.02242
329	2.19236	0.0201
330	2.1892	0.01779
331	2.18634	0.01661
332	2.18348	0.01543
333	2.18062	0.01426
334	2.17776	0.01308
335	2.1749	0.0119
336	2.17204	0.01072
337	2.16918	0.00955
338	2.16632	0.00837
339	2.16346	0.00719
340	2.1606	0.00602
341	2.15667	0.00547
342	2.15274	0.00493
343	2.14881	0.00439
344	2.14488	0.00385
345	2.14095	0.00331
346	2.13702	0.00277
347	2.13309	0.00222
348	2.12916	0.00168
349	2.12523	0.00114
350	2.1213	5.9941E-4
351	2.11956	5.39469E-4
352	2.11782	4.79528E-4
353	2.11608	4.19587E-4
354	2.11434	3.59646E-4
355	2.1126	2.99705E-4
356	2.11086	2.39764E-4
357	2.10912	1.79823E-4
358	2.10738	1.19882E-4
359	2.10564	5.9941E-5
360	2.1039	0
361	2.1022	0
362	2.1005	0
363	2.0988	0
364	2.0971	0
365	2.0954	0
366	2.0937	0
367	2.092	0
368	2.0903	0
369	2.0886	0
370	2.0869	0
371	2.08546	0
372	2.08402	0
373	2.08258	0
374	2.08114	0
375	2.0797	0
376	2.07826	0
377	2.07682	0
378	2.07538	0
379	2.07394	0
380	2.0725	0
381	2.07121	0
382	2.06992	0
383	2.06863	0
384	2.06734	0
385	2.06605	0
386	2.06476	0
387	2.06347	0
388	2.06218	0
389	2.06089	0
390	2.0596	0
391	2.05792	0
392	2.05624	0
393	2.05456	0
394	2.05288	0
395	2.0512	0
396	2.04952	0
397	2.04784	0
398	2.04616	0
399	2.04448	0
400	2.0428	0
401	2.04077	0
402	2.03874	0
403	2.03671	0
404	2.03468	0
405	2.03265	0
406	2.03062	0
407	2.02859	0
408	2.02656	0
409	2.02453	0
410	2.0225	0
411	2.02098	0
412	2.01946	0
413	2.01794	0
414	2.01642	0
415	2.0149	0
416	2.01338	0
417	2.01186	0
418	2.01034	0
419	2.00882	0
420	2.0073	0
421	2.00631	0
422	2.00532	0
423	2.00433	0
424	2.00334	0
425	2.00235	0
426	2.00136	0
427	2.00037	0
428	1.99938	0
429	1.99839	0
430	1.9974	0
431	1.99655	0
432	1.9957	0
433	1.99485	0
434	1.994	0
435	1.99315	0
436	1.9923	0
437	1.99145	0
438	1.9906	0
439	1.98975	0
440	1.9889	0
441	1.988	0
442	1.9871	0
443	1.9862	0
444	1.9853	0
445	1.9844	0
446	1.9835	0
447	1.9826	0
448	1.9817	0
449	1.9808	0
450	1.9799	0
451	1.979	0
452	1.9781	0
453	1.9772	0
454	1.9763	0
455	1.9754	0
456	1.9745	0
457	1.9736	0
458	1.9727	0
459	1.9718	0
460	1.9709	0
461	1.97004	0
462	1.96918	0
463	1.96832	0
464	1.96746	0
465	1.9666	0
466	1.96574	0
467	1.96488	0
468	1.96402	0
469	1.96316	0
470	1.9623	0
471	1.9614	0
472	1.9605	0
473	1.9596	0
474	1.9587	0
475	1.9578	0
476	1.9569	0
477	1.956	0
478	1.9551	0
479	1.9542	0
480	1.9533	0
481	1.95255	0
482	1.9518	0
483	1.95105	0
484	1.9503	0
485	1.94955	0
486	1.9488	0
487	1.94805	0
488	1.9473	0
489	1.94655	0
490	1.9458	0
491	1.94504	0
492	1.94428	0
493	1.94352	0
494	1.94276	0
495	1.942	0
496	1.94124	0
497	1.94048	0
498	1.93972	0
499	1.93896	0
500	1.9382	0
501	1.93742	0
502	1.93664	0
503	1.93586	0
504	1.93508	0
505	1.9343	0
506	1.93352	0
507	1.93274	0
508	1.93196	0
509	1.93118	0
510	1.9304	0
511	1.92963	0
512	1.92886	0
513	1.92809	0
514	1.92732	0
515	1.92655	0
516	1.92578	0
517	1.92501	0
518	1.92424	0
519	1.92347	0
520	1.9227	0
521	1.92175	0
522	1.9208	0
523	1.91985	0
524	1.9189	0
525	1.91795	0
526	1.917	0
527	1.91605	0
528	1.9151	0
529	1.91415	0
530	1.9132	0
531	1.91225	0
532	1.9113	0
533	1.91035	0
534	1.9094	0
535	1.90845	0
536	1.9075	0
537	1.90655	0
538	1.9056	0
539	1.90465	0
540	1.9037	0
541	1.9029	0
542	1.9021	0
543	1.9013	0
544	1.9005	0
545	1.8997	0
546	1.8989	0
547	1.8981	0
548	1.8973	0
549	1.8965	0
550	1.8957	0
551	1.8949	0
552	1.8941	0
553	1.8933	0
554	1.8925	0
555	1.8917	0
556	1.8909	0
557	1.8901	0
558	1.8893	0
559	1.8885	0
560	1.8877	0
561	1.88694	0
562	1.88618	0
563	1.88542	0
564	1.88466	0
565	1.8839	0
566	1.88314	0
567	1.88238	0
568	1.88162	0
569	1.88086	0
570	1.8801	0
571	1.87914	0
572	1.87818	0
573	1.87722	0
574	1.87626	0
575	1.8753	0
576	1.87434	0
577	1.87338	0
578	1.87242	0
579	1.87146	0
580	1.8705	0
581	1.86873	0
582	1.86696	0
583	1.86519	0
584	1.86342	0
585	1.86165	0
586	1.85988	0
587	1.85811	0
588	1.85634	0
589	1.85457	0
590	1.8528	0
591	1.85253	0
592	1.85226	0
593	1.85199	0
594	1.85172	0
595	1.85145	0
596	1.85118	0
597	1.85091	0
598	1.85064	0
599	1.85037	0
600	1.8501	0
601	1.84928	0
602	1.84846	0
603	1.84764	0
604	1.84682	0
605	1.846	0
606	1.84518	0
607	1.84436	0
608	1.84354	0
609	1.84272	0
610	1.8419	0
611	1.84108	0
612	1.84026	0
613	1.83944	0
614	1.83862	0
615	1.8378	0
616	1.83698	0
617	1.83616	0
618	1.83534	0
619	1.83452	0
620	1.8337	0
621	1.83286	0
622	1.83202	0
623	1.83118	0
624	1.83034	0
625	1.8295	0
626	1.82866	0
627	1.82782	0
628	1.82698	0
629	1.82614	0
630	1.8253	0
631	1.82428	0
632	1.82326	0
633	1.82224	0
634	1.82122	0
635	1.8202	0
636	1.81918	0
637	1.81816	0
638	1.81714	0
639	1.81612	0
640	1.8151	0
641	1.81408	0
642	1.81306	0
643	1.81204	0
644	1.81102	0
645	1.81	0
646	1.80898	0
647	1.80796	0
648	1.80694	0
649	1.80592	0
650	1.8049	0
651	1.80379	0
652	1.80268	0
653	1.80157	0
654	1.80046	0
655	1.79935	0
656	1.79824	0
657	1.79713	0
658	1.79602	0
659	1.79491	0
660	1.7938	0
661	1.79153	0
662	1.78926	0
663	1.78699	0
664	1.78472	0
665	1.78245	0
666	1.78018	0
667	1.77791	0
668	1.77564	0
669	1.77337	0
670	1.7711	0
671	1.76963	0
672	1.76816	0
673	1.76669	0
674	1.76522	0
675	1.76375	0
676	1.76228	0
677	1.76081	0
678	1.75934	0
679	1.75787	0
680	1.7564	0
681	1.75571	0
682	1.75502	0
683	1.75433	0
684	1.75364	0
685	1.75295	0
686	1.75226	0
687	1.75157	0
688	1.75088	0
689	1.75019	0
690	1.7495	0
691	1.74874	0
692	1.74798	0
693	1.74722	0
694	1.74646	0
695	1.7457	0
696	1.74494	0
697	1.74418	0
698	1.74342	0
699	1.74266	0
700	1.7419	0
701	1.7412	0
702	1.7405	0
703	1.7398	0
704	1.7391	0
705	1.7384	0
706	1.7377	0
707	1.737	0
708	1.7363	0
709	1.7356	0
710	1.7349	0
711	1.73406	0
712	1.73322	0
713	1.73238	0
714	1.73154	0
715	1.7307	0
716	1.72986	0
717	1.72902	0
718	1.72818	0
719	1.72734	0
720	1.7265	0
721	1.72586	0
722	1.72522	0
723	1.72458	0
724	1.72394	0
725	1.7233	0
726	1.72266	0
727	1.72202	0
728	1.72138	0
729	1.72074	0
730	1.7201	0
731	1.71943	0
732	1.71876	0
733	1.71809	0
734	1.71742	0
735	1.71675	0
736	1.71608	0
737	1.71541	0
738	1.71474	0
739	1.71407	0
740	1.7134	0
741	1.71249	0
742	1.71158	0
743	1.71067	0
744	1.70976	0
745	1.70885	0
746	1.70794	0
747	1.70703	0
748	1.70612	0
749	1.70521	0
750	1.7043	0
751	1.70311	0
752	1.70192	0
753	1.70073	0
754	1.69954	0
755	1.69835	0
756	1.69716	0
757	1.69597	0
758	1.69478	0
759	1.69359	0
760	1.6924	0
761	1.69139	0
762	1.69038	0
763	1.68937	0
764	1.68836	0
765	1.68735	0
766	1.68634	0
767	1.68533	0
768	1.68432	0
769	1.68331	0
770	1.6823	0
771	1.68109	0
772	1.67988	0
773	1.67867	0
774	1.67746	0
775	1.67625	0
776	1.67504	0
777	1.67383	0
778	1.67262	0
779	1.67141	0
780	1.6702	0
781	1.66971	0
782	1.66922	0
783	1.66873	0
784	1.66824	0
785	1.66775	0
786	1.66726	0
787	1.66677	0
788	1.66628	0
789	1.66579	0
790	1.6653	0
791	1.66433	0
792	1.66336	0
793	1.66239	0
794	1.66142	0
795	1.66045	0
796	1.65948	0
797	1.65851	0
798	1.65754	0
799	1.65657	0
800	1.6556	0
801	1.65461	0
802	1.65362	0
803	1.65263	0
804	1.65164	0
805	1.65065	0
806	1.64966	0
807	1.64867	0
808	1.64768	0
809	1.64669	0
810	1.6457	0
811	1.64531	0
812	1.64492	0
813	1.64453	0
814	1.64414	0
815	1.64375	0
816	1.64336	0
817	1.64297	0
818	1.64258	0
819	1.64219	0
820	1.6418	0
821	1.64019	0
822	1.63858	0
823	1.63697	0
824	1.63536	0
825	1.63375	0
826	1.63214	0
827	1.63053	0
828	1.62892	0
829	1.62731	0
830	1.6257	0
831	1.62465	0
832	1.6236	0
833	1.62255	0
834	1.6215	0
835	1.62045	0
836	1.6194	0
837	1.61835	0
838	1.6173	0
839	1.61625	0
840	1.6152	0
841	1.6139	0
842	1.6126	0
843	1.6113	0
844	1.61	0
845	1.6087	0
846	1.6074	0
847	1.6061	0
848	1.6048	0
849	1.6035	0
850	1.6022	0
851	1.60098	0
852	1.59976	0
853	1.59854	0
854	1.59732	0
855	1.5961	0
856	1.59488	0
857	1.59366	0
858	1.59244	0
859	1.59122	0
860	1.59	0
861	1.58904	0
862	1.58808	0
863	1.58712	0
864	1.58616	0
865	1.5852	0
866	1.58424	0
867	1.58328	0
868	1.58232	0
869	1.58136	0
870	1.5804	0
871	1.57937	0
872	1.57834	0
873	1.57731	0
874	1.57628	0
875	1.57525	0
876	1.57422	0
877	1.57319	0
878	1.57216	0
879	1.57113	0
880	1.5701	0
881	1.56904	0
882	1.56798	0
883	1.56692	0
884	1.56586	0
885	1.5648	0
886	1.56374	0
887	1.56268	0
888	1.56162	0
889	1.56056	0
890	1.5595	0
891	1.55841	0
892	1.55732	0
893	1.55623	0
894	1.55514	0
895	1.55405	0
896	1.55296	0
897	1.55187	0
898	1.55078	0
899	1.54969	0
900	1.5486	0
