300	1.75893	0.32107
301	1.75701	0.31837
302	1.75509	0.31567
303	1.75317	0.31298
304	1.75125	0.31028
305	1.74933	0.30758
306	1.74626	0.306
307	1.74319	0.30441
308	1.74013	0.30283
309	1.73706	0.30124
310	1.73399	0.29966
311	1.73177	0.29949
312	1.72954	0.29932
313	1.72732	0.29916
314	1.72509	0.29899
315	1.72287	0.29882
316	1.72017	0.29916
317	1.71747	0.2995
318	1.71478	0.29983
319	1.71208	0.30017
320	1.70938	0.30051
321	1.70746	0.30135
322	1.70554	0.30219
323	1.70362	0.30304
324	1.7017	0.30388
325	1.69978	0.30472
326	1.69958	0.30775
327	1.69937	0.31079
328	1.69917	0.31382
329	1.69896	0.31686
330	1.69876	0.31989
331	1.70031	0.32198
332	1.70186	0.32407
333	1.70342	0.32616
334	1.70497	0.32825
335	1.70652	0.33034
336	1.71046	0.33061
337	1.71441	0.33088
338	1.71835	0.33115
339	1.7223	0.33142
340	1.72624	0.33169
341	1.7289	0.3295
342	1.73156	0.32731
343	1.73423	0.32511
344	1.73689	0.32292
345	1.73955	0.32073
346	1.74029	0.31628
347	1.74103	0.31183
348	1.74178	0.30738
349	1.74252	0.30293
350	1.74326	0.29848
351	1.74279	0.29568
352	1.74232	0.29288
353	1.74184	0.29009
354	1.74137	0.28729
355	1.7409	0.28449
356	1.73965	0.28247
357	1.7384	0.28045
358	1.73716	0.27842
359	1.73591	0.2764
360	1.73466	0.27438
361	1.73267	0.2731
362	1.73068	0.27182
363	1.7287	0.27054
364	1.72671	0.26926
365	1.72472	0.26798
366	1.72303	0.26717
367	1.72135	0.26636
368	1.71966	0.26555
369	1.71798	0.26474
370	1.71629	0.26393
371	1.7144	0.26346
372	1.71251	0.26299
373	1.71063	0.26251
374	1.70874	0.26204
375	1.70685	0.26157
376	1.70466	0.26154
377	1.70247	0.2615
378	1.70028	0.26147
379	1.69809	0.26143
380	1.6959	0.2614
381	1.69452	0.2614
382	1.69314	0.2614
383	1.69175	0.2614
384	1.69037	0.2614
385	1.68899	0.2614
386	1.68714	0.26167
387	1.68528	0.26194
388	1.68343	0.26221
389	1.68157	0.26248
390	1.67972	0.26275
391	1.67753	0.26332
392	1.67534	0.2639
393	1.67314	0.26447
394	1.67095	0.26505
395	1.66876	0.26562
396	1.66701	0.2665
397	1.66526	0.26737
398	1.6635	0.26825
399	1.66175	0.26912
400	1.66	0.27
401	1.65808	0.27142
402	1.65616	0.27283
403	1.65423	0.27425
404	1.65231	0.27566
405	1.65039	0.27708
406	1.6484	0.27893
407	1.64641	0.28079
408	1.64443	0.28264
409	1.64244	0.2845
410	1.64045	0.28635
411	1.63897	0.28888
412	1.63748	0.29141
413	1.636	0.29393
414	1.63451	0.29646
415	1.63303	0.29899
416	1.63172	0.30212
417	1.6304	0.30526
418	1.62909	0.30839
419	1.62777	0.31153
420	1.62646	0.31466
421	1.62528	0.31783
422	1.6241	0.321
423	1.62292	0.32417
424	1.62174	0.32734
425	1.62056	0.33051
426	1.61952	0.33388
427	1.61847	0.33725
428	1.61743	0.34062
429	1.61638	0.34399
430	1.61534	0.34736
431	1.61487	0.35114
432	1.6144	0.35491
433	1.61392	0.35869
434	1.61345	0.36246
435	1.61298	0.36624
436	1.61274	0.37045
437	1.61251	0.37466
438	1.61227	0.37888
439	1.61204	0.38309
440	1.6118	0.3873
441	1.61234	0.39172
442	1.61288	0.39613
443	1.61341	0.40055
444	1.61395	0.40496
445	1.61449	0.40938
446	1.61587	0.41373
447	1.61725	0.41808
448	1.61864	0.42242
449	1.62002	0.42677
450	1.6214	0.43112
451	1.62336	0.43554
452	1.62531	0.43995
453	1.62727	0.44437
454	1.62922	0.44878
455	1.63118	0.4532
456	1.63405	0.45762
457	1.63691	0.46203
458	1.63978	0.46645
459	1.64264	0.47086
460	1.64551	0.47528
461	1.64939	0.47909
462	1.65326	0.4829
463	1.65714	0.48671
464	1.66101	0.49052
465	1.66489	0.49433
466	1.6688	0.49807
467	1.67271	0.50181
468	1.67662	0.50555
469	1.68053	0.50929
470	1.68444	0.51303
471	1.6899	0.51667
472	1.69536	0.52031
473	1.70082	0.52396
474	1.70628	0.5276
475	1.71174	0.53124
476	1.71713	0.53485
477	1.72253	0.53845
478	1.72792	0.54206
479	1.73332	0.54566
480	1.73871	0.54927
481	1.74522	0.55173
482	1.75172	0.55419
483	1.75823	0.55665
484	1.76473	0.55911
485	1.77124	0.56157
486	1.77818	0.56295
487	1.78513	0.56433
488	1.79207	0.56572
489	1.79902	0.5671
490	1.80596	0.56848
491	1.81166	0.56899
492	1.81735	0.56949
493	1.82305	0.57
494	1.82874	0.5705
495	1.83444	0.57101
496	1.84179	0.57074
497	1.84914	0.57047
498	1.85648	0.5702
499	1.86383	0.56993
500	1.87118	0.56966
501	1.87779	0.56838
502	1.88439	0.5671
503	1.891	0.56582
504	1.8976	0.56454
505	1.90421	0.56326
506	1.91092	0.56174
507	1.91763	0.56022
508	1.92433	0.55871
509	1.93104	0.55719
510	1.93775	0.55567
511	1.94389	0.55213
512	1.95002	0.54859
513	1.95616	0.54506
514	1.96229	0.54152
515	1.96843	0.53798
516	1.97389	0.53397
517	1.97935	0.52996
518	1.98481	0.52594
519	1.99027	0.52193
520	1.99573	0.51792
521	2.00062	0.51401
522	2.00551	0.5101
523	2.01039	0.50619
524	2.01528	0.50228
525	2.02017	0.49837
526	2.02462	0.49436
527	2.02907	0.49035
528	2.03352	0.48633
529	2.03797	0.48232
530	2.04242	0.47831
531	2.04559	0.4743
532	2.04876	0.47029
533	2.05192	0.46628
534	2.05509	0.46227
535	2.05826	0.45826
536	2.06136	0.45432
537	2.06446	0.45037
538	2.06756	0.44643
539	2.07066	0.44248
540	2.07376	0.43854
541	2.07626	0.43446
542	2.07875	0.43038
543	2.08125	0.42631
544	2.08374	0.42223
545	2.08624	0.41815
546	2.08883	0.41363
547	2.09143	0.40911
548	2.09402	0.4046
549	2.09662	0.40008
550	2.09921	0.39556
551	2.10292	0.39087
552	2.10663	0.38619
553	2.11033	0.3815
554	2.11404	0.37682
555	2.11775	0.37213
556	2.12075	0.36711
557	2.12375	0.36209
558	2.12675	0.35706
559	2.12975	0.35204
560	2.13275	0.34702
561	2.13531	0.34129
562	2.13787	0.33556
563	2.14044	0.32983
564	2.143	0.3241
565	2.14556	0.31837
566	2.14596	0.31254
567	2.14637	0.30671
568	2.14677	0.30087
569	2.14718	0.29504
570	2.14758	0.28921
571	2.14734	0.28345
572	2.14711	0.27768
573	2.14687	0.27192
574	2.14664	0.26615
575	2.1464	0.26039
576	2.14411	0.25591
577	2.14182	0.25143
578	2.13952	0.24694
579	2.13723	0.24246
580	2.13494	0.23798
581	2.13292	0.23505
582	2.1309	0.23211
583	2.12887	0.22918
584	2.12685	0.22624
585	2.12483	0.22331
586	2.12379	0.22136
587	2.12274	0.2194
588	2.1217	0.21745
589	2.12065	0.21549
590	2.11961	0.21354
591	2.11944	0.21165
592	2.11927	0.20976
593	2.1191	0.20788
594	2.11893	0.20599
595	2.11876	0.2041
596	2.1193	0.20198
597	2.11984	0.19985
598	2.12038	0.19773
599	2.12092	0.1956
600	2.12146	0.19348
601	2.12331	0.19055
602	2.12517	0.18762
603	2.12702	0.18468
604	2.12888	0.18175
605	2.13073	0.17882
606	2.13299	0.1738
607	2.13525	0.16878
608	2.1375	0.16375
609	2.13976	0.15873
610	2.14202	0.15371
611	2.14229	0.14835
612	2.14256	0.14299
613	2.14283	0.13763
614	2.1431	0.13227
615	2.14337	0.12691
616	2.14273	0.12152
617	2.14209	0.11612
618	2.14145	0.11073
619	2.14081	0.10533
620	2.14017	0.09994
621	2.13747	0.09472
622	2.13478	0.08949
623	2.13208	0.08427
624	2.12939	0.07904
625	2.12669	0.07382
626	2.12369	0.0693
627	2.12069	0.06479
628	2.11769	0.06027
629	2.11469	0.05576
630	2.11169	0.05124
631	2.10835	0.0478
632	2.10501	0.04436
633	2.10168	0.04092
634	2.09834	0.03748
635	2.095	0.03404
636	2.09106	0.03141
637	2.08711	0.02878
638	2.08317	0.02616
639	2.07922	0.02353
640	2.07528	0.0209
641	2.07181	0.01928
642	2.06834	0.01766
643	2.06486	0.01605
644	2.06139	0.01443
645	2.05792	0.01281
646	2.05458	0.01173
647	2.05125	0.01065
648	2.04791	0.00958
649	2.04458	0.0085
650	2.04124	0.00742
651	2.03804	0.00715
652	2.03483	0.00688
653	2.03163	0.00661
654	2.02842	0.00634
655	2.02522	0.00607
656	2.02219	0.00536
657	2.01916	0.00465
658	2.01612	0.00395
659	2.01309	0.00324
660	2.01006	0.00253
661	2.00716	0.0025
662	2.00426	0.00246
663	2.00136	0.00243
664	1.99846	0.00239
665	1.99556	0.00236
666	1.9934	0.00236
667	1.99125	0.00236
668	1.98909	0.00236
669	1.98694	0.00236
670	1.98478	0.00236
671	1.98296	0.00236
672	1.98114	0.00236
673	1.97931	0.00236
674	1.97749	0.00236
675	1.97567	0.00236
676	1.97365	0.00236
677	1.97163	0.00236
678	1.9696	0.00236
679	1.96758	0.00236
680	1.96556	0.00236
681	1.96398	0.00236
682	1.96239	0.00236
683	1.96081	0.00236
684	1.95922	0.00236
685	1.95764	0.00236
686	1.95612	0.00236
687	1.95461	0.00236
688	1.95309	0.00236
689	1.95158	0.00236
690	1.95006	0.00236
691	1.94912	0.00236
692	1.94817	0.00236
693	1.94723	0.00236
694	1.94628	0.00236
695	1.94534	0.00236
696	1.94426	0.00236
697	1.94318	0.00236
698	1.9421	0.00236
699	1.94102	0.00236
700	1.93994	0.00236
701	1.93906	0.00236
702	1.93819	0.00236
703	1.93731	0.00236
704	1.93644	0.00236
705	1.93556	0.00236
706	1.93479	0.00236
707	1.93401	0.00236
708	1.93324	0.00236
709	1.93246	0.00236
710	1.93169	0.00236
711	1.93095	0.00236
712	1.93021	0.00236
713	1.92946	0.00236
714	1.92872	0.00236
715	1.92798	0.00236
716	1.9269	0.00236
717	1.92582	0.00236
718	1.92474	0.00236
719	1.92366	0.00236
720	1.92258	0.00236
721	1.92218	0.00236
722	1.92177	0.00236
723	1.92137	0.00236
724	1.92096	0.00236
725	1.92056	0.00236
726	1.91948	0.00236
727	1.9184	0.00236
728	1.91733	0.00236
729	1.91625	0.00236
730	1.91517	0.00236
731	1.9146	0.00236
732	1.91402	0.00236
733	1.91345	0.00236
734	1.91287	0.00236
735	1.9123	0.00236
736	1.91156	0.00236
737	1.91082	0.00236
738	1.91008	0.00236
739	1.90934	0.00236
740	1.9086	0.00236
741	1.90782	0.00212
742	1.90705	0.00189
743	1.90627	0.00165
744	1.9055	0.00142
745	1.90472	0.00118
746	1.90384	0.00118
747	1.90297	0.00118
748	1.90209	0.00118
749	1.90122	0.00118
750	1.90034	0.00118
751	1.8997	0.00118
752	1.89906	0.00118
753	1.89841	0.00118
754	1.89777	0.00118
755	1.89713	0.00118
756	1.89646	0.00118
757	1.89578	0.00118
758	1.89511	0.00118
759	1.89443	0.00118
760	1.89376	0.00118
761	1.89309	0.00118
762	1.89241	0.00118
763	1.89174	0.00118
764	1.89106	0.00118
765	1.89039	0.00118
766	1.88995	0.00118
767	1.88951	0.00118
768	1.88908	0.00118
769	1.88864	0.00118
770	1.8882	0.00118
771	1.88743	0.00118
772	1.88665	0.00118
773	1.88588	0.00118
774	1.8851	0.00118
775	1.88433	0.00118
776	1.88372	0.00118
777	1.88311	0.00118
778	1.88251	0.00118
779	1.8819	0.00118
780	1.88129	0.00118
781	1.88089	0.00118
782	1.88048	0.00118
783	1.88008	0.00118
784	1.87967	0.00118
785	1.87927	0.00118
786	1.8789	0.00118
787	1.87853	0.00118
788	1.87816	0.00118
789	1.87779	0.00118
790	1.87742	0.00118
791	1.87668	0.00118
792	1.87594	0.00118
793	1.87519	0.00118
794	1.87445	0.00118
795	1.87371	0.00118
796	1.87347	0.00118
797	1.87324	0.00118
798	1.873	0.00118
799	1.87277	0.00118
800	1.87253	0.00118
801	1.87202	0.00118
802	1.87152	0.00118
803	1.87101	0.00118
804	1.87051	0.00118
805	1.87	0.00118
806	1.8697	0.00118
807	1.86939	0.00118
808	1.86909	0.00118
809	1.86878	0.00118
810	1.86848	0.00118
811	1.86787	0.00118
812	1.86727	0.00118
813	1.86666	0.00118
814	1.86606	0.00118
815	1.86545	0.00118
816	1.86515	0.00118
817	1.86484	0.00118
818	1.86454	0.00118
819	1.86423	0.00118
820	1.86393	0.00118
821	1.86349	0.00118
822	1.86305	0.00118
823	1.86262	0.00118
824	1.86218	0.00118
825	1.86174	0.00118
826	1.86171	0.00118
827	1.86167	0.00118
828	1.86164	0.00118
829	1.8616	0.00118
830	1.86157	0.00118
831	1.8611	0.00118
832	1.86063	0.00118
833	1.86015	0.00118
834	1.85968	0.00118
835	1.85921	0.00118
836	1.85897	0.00118
837	1.85874	0.00118
838	1.8585	0.00118
839	1.85827	0.00118
840	1.85803	0.00118
841	1.85766	0.00118
842	1.85729	0.00118
843	1.85692	0.00118
844	1.85655	0.00118
845	1.85618	0.00118
846	1.85584	0.00118
847	1.8555	0.00118
848	1.85517	0.00118
849	1.85483	0.00118
850	1.85449	0.00118
851	1.85422	0.00118
852	1.85395	0.00118
853	1.85369	0.00118
854	1.85342	0.00118
855	1.85315	0.00118
856	1.85291	0.00118
857	1.85268	0.00118
858	1.85244	0.00118
859	1.85221	0.00118
860	1.85197	0.00118
861	1.8517	0.00118
862	1.85143	0.00118
863	1.85116	0.00118
864	1.85089	0.00118
865	1.85062	0.00118
866	1.85038	0.00118
867	1.85015	0.00118
868	1.84991	0.00118
869	1.84968	0.00118
870	1.84944	0.00118
871	1.84944	0.00118
872	1.84944	0.00118
873	1.84944	0.00118
874	1.84944	0.00118
875	1.84944	0.00118
876	1.84907	0.00118
877	1.8487	0.00118
878	1.84832	0.00118
879	1.84795	0.00118
880	1.84758	0.00118
881	1.84724	0.00118
882	1.84691	0.00118
883	1.84657	0.00118
884	1.84624	0.00118
885	1.8459	0.00118
886	1.84587	0.00118
887	1.84583	0.00118
888	1.8458	0.00118
889	1.84576	0.00118
890	1.84573	0.00118
891	1.84549	9.44E-4
892	1.84526	7.08E-4
893	1.84502	4.72E-4
894	1.84479	2.36E-4
895	1.84455	0
896	1.84431	0
897	1.84408	0
898	1.84384	0
899	1.84361	0
900	1.84337	0
