400	        1.77722	0.103
401.00334	1.77933	0.10133
402.00669	1.78145	0.09966
403.01003	1.78336	0.09807
404.01338	1.78528	0.09648
405.01672	1.78695	0.09499
406.02007	1.78861	0.0935
407.02341	1.78999	0.0921
408.02676	1.79137	0.09071
409.0301	1.79245	0.08942
410.03344	1.79351	0.08813
411.03679	1.79429	0.08693
412.04013	1.79505	0.08574
413.04348	1.79553	0.08463
414.04682	1.79601	0.08353
415.05017	1.79624	0.08249
416.05351	1.79646	0.08146
417.05686	1.79649	0.08047
418.0602	1.79652	0.07947
419.06355	1.7964	0.0785
420.06689	1.79628	0.07752
421.07023	1.79607	0.07653
422.07358	1.79586	0.07554
423.07692	1.79559	0.07451
424.08027	1.79531	0.07348
425.08361	1.795	0.07241
426.08696	1.79467	0.07133
427.0903	1.79431	0.07022
428.09365	1.79393	0.06911
429.09699	1.79349	0.06797
430.10033	1.79303	0.06684
431.10368	1.79249	0.06572
432.10702	1.79193	0.06461
433.11037	1.79126	0.06354
434.11371	1.79058	0.06249
435.11706	1.78979	0.06151
436.1204	1.78898	0.06054
437.12375	1.78807	0.05967
438.12709	1.78715	0.05881
439.13043	1.78616	0.05805
440.13378	1.78517	0.05729
441.13712	1.78414	0.05661
442.14047	1.78312	0.05594
443.14381	1.78211	0.0553
444.14716	1.7811	0.05467
445.1505	1.78014	0.05404
446.15385	1.7792	0.0534
447.15719	1.77832	0.05275
448.16054	1.77745	0.05208
449.16388	1.77666	0.05137
450.16722	1.77587	0.05066
451.17057	1.77515	0.04992
452.17391	1.77443	0.04917
453.17726	1.77374	0.04841
454.1806	1.77305	0.04766
455.18395	1.77236	0.04693
456.18729	1.77166	0.0462
457.19064	1.77093	0.04552
458.19398	1.77018	0.04485
459.19732	1.76938	0.04424
460.20067	1.76856	0.04365
461.20401	1.76769	0.04311
462.20736	1.7668	0.04258
463.2107	1.76587	0.04209
464.21405	1.76494	0.04162
465.21739	1.76399	0.04116
466.22074	1.76304	0.0407
467.22408	1.76211	0.04024
468.22742	1.76119	0.03979
469.23077	1.76032	0.03932
470.23411	1.75947	0.03884
471.23746	1.75869	0.03836
472.2408	1.75792	0.03787
473.24415	1.75722	0.03738
474.24749	1.75653	0.03689
475.25084	1.75589	0.0364
476.25418	1.75525	0.03593
477.25753	1.75464	0.03547
478.26087	1.75402	0.03502
479.26421	1.75339	0.03459
480.26756	1.75275	0.03418
481.2709	1.75208	0.0338
482.27425	1.7514	0.03342
483.27759	1.75068	0.03307
484.28094	1.74994	0.03273
485.28428	1.74917	0.03241
486.28763	1.74839	0.0321
487.29097	1.7476	0.03181
488.29431	1.74682	0.03153
489.29766	1.74604	0.03125
490.301	        1.74527	0.03098
491.30435	1.74453	0.03072
492.30769	1.7438	0.03046
493.31104	1.74312	0.0302
494.31438	1.74246	0.02993
495.31773	1.74184	0.02966
496.32107	1.74124	0.02937
497.32441	1.74068	0.02907
498.32776	1.74013	0.02876
499.3311	1.73961	0.02842
500.33445	1.73909	0.02807
501.33779	1.73859	0.02769
502.34114	1.73809	0.02729
503.34448	1.73759	0.02688
504.34783	1.73709	0.02646
505.35117	1.73658	0.02604
506.35452	1.73608	0.02561
507.35786	1.73557	0.0252
508.3612	1.73506	0.0248
509.36455	1.73455	0.02443
510.36789	1.73405	0.02408
511.37124	1.73356	0.02377
512.37458	1.73308	0.0235
513.37793	1.73262	0.02327
514.38127	1.73218	0.02308
515.38462	1.73177	0.02293
516.38796	1.73138	0.02283
517.3913	1.73101	0.02277
518.39465	1.73067	0.02273
519.39799	1.73035	0.02274
520.40134	1.73004	0.02278
521.40468	1.72975	0.02284
522.40803	1.72946	0.02292
523.41137	1.72917	0.02302
524.41472	1.72886	0.02312
525.41806	1.72855	0.02323
526.4214	1.72821	0.02333
527.42475	1.72784	0.02342
528.42809	1.72744	0.02348
529.43144	1.72702	0.02351
530.43478	1.72656	0.0235
531.43813	1.72608	0.02345
532.44147	1.72558	0.02335
533.44482	1.72506	0.02318
534.44816	1.72453	0.02296
535.45151	1.724	0.02268
536.45485	1.72346	0.02235
537.45819	1.72294	0.02196
538.46154	1.72242	0.02153
539.46488	1.72191	0.02106
540.46823	1.72141	0.02058
541.47157	1.72093	0.02008
542.47492	1.72045	0.01959
543.47826	1.71999	0.01912
544.48161	1.71953	0.01867
545.48495	1.71907	0.01825
546.48829	1.7186	0.01788
547.49164	1.71814	0.01756
548.49498	1.71767	0.01729
549.49833	1.71719	0.01706
550.50167	1.71671	0.01688
551.50502	1.71623	0.01675
552.50836	1.71575	0.01664
553.51171	1.71528	0.01657
554.51505	1.71481	0.01652
555.51839	1.71436	0.01648
556.52174	1.71393	0.01645
557.52508	1.71352	0.01642
558.52843	1.71313	0.0164
559.53177	1.71276	0.01637
560.53512	1.71241	0.01634
561.53846	1.71209	0.01631
562.54181	1.71177	0.01627
563.54515	1.71147	0.01624
564.54849	1.71117	0.01619
565.55184	1.71088	0.01615
566.55518	1.71057	0.0161
567.55853	1.71025	0.01604
568.56187	1.70991	0.01596
569.56522	1.70954	0.01587
570.56856	1.70915	0.01575
571.57191	1.70873	0.0156
572.57525	1.70828	0.01542
573.5786	1.70781	0.01521
574.58194	1.70732	0.01496
575.58528	1.70681	0.01468
576.58863	1.7063	0.01436
577.59197	1.70579	0.01402
578.59532	1.70531	0.01366
579.59866	1.70483	0.01329
580.60201	1.70441	0.01294
581.60535	1.70401	0.01259
582.6087	1.70367	0.01227
583.61204	1.70337	0.01198
584.61538	1.70313	0.01175
585.61873	1.70292	0.01155
586.62207	1.70277	0.01141
587.62542	1.70265	0.01131
588.62876	1.70254	0.01127
589.63211	1.70245	0.01125
590.63545	1.70236	0.01125
591.6388	1.70226	0.01128
592.64214	1.70212	0.01129
593.64548	1.70196	0.0113
594.64883	1.70175	0.01128
595.65217	1.70151	0.01124
596.65552	1.70121	0.01115
597.65886	1.70089	0.01104
598.66221	1.70053	0.01087
599.66555	1.70015	0.01068
600.6689	1.69976	0.01046
601.67224	1.69936	0.01022
602.67559	1.69897	0.00997
603.67893	1.69858	0.00971
604.68227	1.69821	0.00947
605.68562	1.69786	0.00924
606.68896	1.69753	0.00904
607.69231	1.6972	0.00885
608.69565	1.69689	0.00869
609.699	        1.69657	0.00855
610.70234	1.69625	0.00843
611.70569	1.69592	0.00833
612.70903	1.69555	0.00824
613.71237	1.69518	0.00815
614.71572	1.69477	0.00806
615.71906	1.69434	0.00798
616.72241	1.69389	0.00788
617.72575	1.69342	0.00779
618.7291	1.69296	0.00769
619.73244	1.6925	0.0076
620.73579	1.69206	0.0075
621.73913	1.69164	0.00741
622.74247	1.69128	0.00733
623.74582	1.69093	0.00725
624.74916	1.69066	0.00719
625.75251	1.69042	0.00714
626.75585	1.69024	0.0071
627.7592	1.69008	0.00706
628.76254	1.68996	0.00704
629.76589	1.68986	0.00701
630.76923	1.68976	0.00699
631.77258	1.68967	0.00697
632.77592	1.68956	0.00696
633.77926	1.68943	0.00694
634.78261	1.68926	0.00692
635.78595	1.68907	0.0069
636.7893	1.68883	0.00689
637.79264	1.68856	0.00688
638.79599	1.68825	0.00688
639.79933	1.68792	0.00688
640.80268	1.68756	0.00688
641.80602	1.6872	0.00687
642.80936	1.68684	0.00685
643.81271	1.68647	0.00683
644.81605	1.68614	0.00677
645.8194	1.68581	0.00671
646.82274	1.68552	0.00659
647.82609	1.68525	0.00646
648.82943	1.68502	0.00628
649.83278	1.6848	0.00608
650.83612	1.68463	0.00584
651.83946	1.68446	0.00559
652.84281	1.68431	0.00533
653.84615	1.68417	0.00506
654.8495	1.68403	0.00481
655.85284	1.68389	0.00456
656.85619	1.68373	0.00435
657.85953	1.68357	0.00416
658.86288	1.68339	0.00402
659.86622	1.68321	0.00389
660.86957	1.683	0.00381
661.87291	1.68279	0.00374
662.87625	1.68258	0.00369
663.8796	1.68236	0.00365
664.88294	1.68215	0.00361
665.88629	1.68193	0.00357
666.88963	1.68174	0.00351
667.89298	1.68154	0.00344
668.89632	1.68137	0.00335
669.89967	1.68119	0.00326
670.90301	1.68103	0.00315
671.90635	1.68086	0.00304
672.9097	1.68069	0.00294
673.91304	1.68053	0.00284
674.91639	1.68035	0.00277
675.91973	1.68017	0.00269
676.92308	1.67997	0.00265
677.92642	1.67977	0.00261
678.92977	1.67956	0.00259
679.93311	1.67935	0.00257
680.93645	1.67914	0.00255
681.9398	1.67893	0.00253
682.94314	1.67873	0.00249
683.94649	1.67853	0.00244
684.94983	1.67835	0.00238
685.95318	1.67818	0.00231
686.95652	1.67801	0.00223
687.95987	1.67784	0.00216
688.96321	1.67766	0.00211
689.96656	1.67748	0.00206
690.9699	1.67729	0.00207
691.97324	1.67709	0.00208
692.97659	1.67688	0.00216
693.97993	1.67666	0.00223
694.98328	1.67645	0.00233
695.98662	1.67624	0.00244
696.98997	1.67609	0.00251
697.99331	1.67593	0.00258
698.99666	1.67588	0.00255
700	        1.67584	0.00251
